5.023777977655399809e+02 5.989683233663070677e-05
5.024177977655400014e+02 6.425583401587087868e-05
5.024577977655400218e+02 6.695884202014912648e-05
5.024977977655399854e+02 6.869782065266088111e-05
5.025377977655400059e+02 6.993738472826788459e-05
5.025777977655400264e+02 7.090389815073894393e-05
5.026177977655399900e+02 7.170982787590216413e-05
5.026577977655400105e+02 7.241520490003821090e-05
5.026977977655399741e+02 7.305442347705921446e-05
5.027377977655399945e+02 7.364842591716058663e-05
5.027777977655400150e+02 7.421062880701697684e-05
5.028177977655399786e+02 7.475000036477728752e-05
5.028577977655399991e+02 7.527275384936119701e-05
5.028977977655400196e+02 7.578332731777903046e-05
5.029377977655399832e+02 7.628497549624957722e-05
5.029777977655400036e+02 7.678014092325629333e-05
5.030177977655400241e+02 7.727069435488798273e-05
5.030577977655399877e+02 7.775809497051547065e-05
5.030977977655400082e+02 7.824349983846028383e-05
5.031377977655399718e+02 7.872784039038524550e-05
5.031777977655399923e+02 7.921187691614214248e-05
5.032177977655400127e+02 7.969623809269226725e-05
5.032577977655399764e+02 8.018145012082847866e-05
5.032977977655399968e+02 8.066795851648876073e-05
5.033377977655400173e+02 8.115614462586169509e-05
5.033777977655399809e+02 8.164633829447489558e-05
5.034177977655400014e+02 8.213882769479459846e-05
5.034577977655400218e+02 8.263386702839698773e-05
5.034977977655399854e+02 8.313168262008642007e-05
5.035377977655400059e+02 8.363247778252223331e-05
5.035777977655400264e+02 8.413643673156696238e-05
5.036177977655399900e+02 8.464372776202544360e-05
5.036577977655400105e+02 8.515450584224506267e-05
5.036977977655399741e+02 8.566891474846964627e-05
5.037377977655399945e+02 8.618708883200557383e-05
5.037777977655400150e+02 8.670915449139619715e-05
5.038177977655399786e+02 8.723523140607763668e-05
5.038577977655399991e+02 8.776543357599251628e-05
5.038977977655400196e+02 8.829987020244432620e-05
5.039377977655399832e+02 8.883864643835718135e-05
5.039777977655400036e+02 8.938186403055965485e-05
5.040177977655400241e+02 8.992962187237922014e-05
5.040577977655399877e+02 9.048201648138623466e-05
5.040977977655400082e+02 9.103914241442178810e-05
5.041377977655399718e+02 9.160109262986045314e-05
5.041777977655399923e+02 9.216795880531789692e-05
5.042177977655400127e+02 9.273983161760447234e-05
5.042577977655399764e+02 9.331680099058620810e-05
5.042977977655399968e+02 9.389895631568300253e-05
5.043377977655400173e+02 9.448638664897161831e-05
5.043777977655399809e+02 9.507918088824085750e-05
5.044177977655400014e+02 9.567742793282070198e-05
5.044577977655400218e+02 9.628121682859000366e-05
5.044977977655399854e+02 9.689063690020189191e-05
5.045377977655400059e+02 9.750577787227860283e-05
5.045777977655400264e+02 9.812672998106817558e-05
5.046177977655399900e+02 9.875358407785507281e-05
5.046577977655400105e+02 9.938643172523868878e-05
5.046977977655399741e+02 1.000253652872412023e-04
5.047377977655399945e+02 1.006704780140834992e-04
5.047777977655400150e+02 1.013218641223576002e-04
5.048177977655399786e+02 1.019796188712405977e-04
5.048577977655399991e+02 1.026438386353026002e-04
5.048977977655400196e+02 1.033146209744076983e-04
5.049377977655399832e+02 1.039920647011433042e-04
5.049777977655400036e+02 1.046762699461634030e-04
5.050177977655400241e+02 1.053673382217935992e-04
5.050577977655399877e+02 1.060653724842002037e-04
5.050977977655400082e+02 1.067704771944047958e-04
5.051377977655399718e+02 1.074827583783909005e-04
5.051777977655399923e+02 1.082023236865253016e-04
5.052177977655400127e+02 1.089292824525028066e-04
5.052577977655399764e+02 1.096637457519979934e-04
5.052977977655399968e+02 1.104058264611943054e-04
5.053377977655400173e+02 1.111556393153523010e-04
5.053777977655399809e+02 1.119133009675590048e-04
5.054177977655400014e+02 1.126789300477941034e-04
5.054577977655400218e+02 1.134526472224469935e-04
5.054977977655399854e+02 1.142345752543965986e-04
5.055377977655400059e+02 1.150248390637714947e-04
5.055777977655400264e+02 1.158235657895018031e-04
5.056177977655399900e+02 1.166308848517584064e-04
5.056577977655400105e+02 1.174469280153904991e-04
5.056977977655399741e+02 1.182718294544473936e-04
5.057377977655399945e+02 1.191057258178880975e-04
5.057777977655400150e+02 1.199487562965658984e-04
5.058177977655399786e+02 1.208010626915793017e-04
5.058577977655399991e+02 1.216627894840821957e-04
5.058977977655400196e+02 1.225340839066410917e-04
5.059377977655399832e+02 1.234150960162272057e-04
5.059777977655400036e+02 1.243059787689339941e-04
5.060177977655400241e+02 1.252068880965138031e-04
5.060577977655399877e+02 1.261179829848146114e-04
5.060977977655400082e+02 1.270394255542201054e-04
5.061377977655399718e+02 1.279713811421786076e-04
5.061777977655399923e+02 1.289140183879184049e-04
5.062177977655400127e+02 1.298675093194461103e-04
5.062577977655399764e+02 1.308320294429272056e-04
5.062977977655399968e+02 1.318077578345500035e-04
5.063377977655400173e+02 1.327948772349778987e-04
5.063777977655399809e+02 1.337935741464942887e-04
5.064177977655400014e+02 1.348040389329575037e-04
5.064577977655400218e+02 1.358264659226709114e-04
5.064977977655399854e+02 1.368610535142919049e-04
5.065377977655400059e+02 1.379080042858990909e-04
5.065777977655400264e+02 1.389675251073472931e-04
5.066177977655399900e+02 1.400398272560332124e-04
5.066577977655400105e+02 1.411251265362152096e-04
5.066977977655399741e+02 1.422236434020259085e-04
5.067377977655399945e+02 1.433356030843198922e-04
5.067777977655400150e+02 1.444612357215099092e-04
5.068177977655399786e+02 1.456007764945567928e-04
5.068577977655399991e+02 1.467544657662650997e-04
5.068977977655400196e+02 1.479225492250649070e-04
5.069377977655399832e+02 1.491052780334558940e-04
5.069777977655400036e+02 1.503029089812997878e-04
5.070177977655409904e+02 1.515157046441538056e-04
5.070577977655410109e+02 1.527439335468503898e-04
5.070977977655409745e+02 1.539878703325338945e-04
5.071377977655409950e+02 1.552477959373748870e-04
5.071777977655410155e+02 1.565239977711925913e-04
5.072177977655409791e+02 1.578167699042302074e-04
5.072577977655409995e+02 1.591264132603313044e-04
5.072977977655410200e+02 1.604532358167853868e-04
5.073377977655409836e+02 1.617975528111186955e-04
5.073777977655410041e+02 1.631596869551185094e-04
5.074177977655410245e+02 1.645399686563950086e-04
5.074577977655409882e+02 1.659387362478042009e-04
5.074977977655410086e+02 1.673563362250560043e-04
5.075377977655409723e+02 1.687931234928669011e-04
5.075777977655409927e+02 1.702494616200183903e-04
5.076177977655410132e+02 1.717257231037094107e-04
5.076577977655409768e+02 1.732222896436095010e-04
5.076977977655409973e+02 1.747395524260339083e-04
5.077377977655410177e+02 1.762779124186873909e-04
5.077777977655409813e+02 1.778377806764553910e-04
5.078177977655410018e+02 1.794195786587252095e-04
5.078577977655410223e+02 1.810237385587645928e-04
5.078977977655409859e+02 1.826507036457054986e-04
5.079377977655410064e+02 1.843009286197046042e-04
5.079777977655410268e+02 1.859748799808948931e-04
5.080177977655409904e+02 1.876730364127646123e-04
5.080577977655410109e+02 1.893958891806391920e-04
5.080977977655409745e+02 1.911439425459821907e-04
5.081377977655409950e+02 1.929177141972626057e-04
5.081777977655410155e+02 1.947177356981877946e-04
5.082177977655409791e+02 1.965445529541412907e-04
5.082577977655409995e+02 1.983987266977021969e-04
5.082977977655410200e+02 2.002808329942078994e-04
5.083377977655409836e+02 2.021914637683242021e-04
5.083777977655410041e+02 2.041312273527003877e-04
5.084177977655410245e+02 2.061007490598051992e-04
5.084577977655409882e+02 2.081006717781337071e-04
5.084977977655410086e+02 2.101316565940337120e-04
5.085377977655409723e+02 2.121943834404864968e-04
5.085777977655409927e+02 2.142895517742374873e-04
5.086177977655410132e+02 2.164178812827983090e-04
5.086577977655409768e+02 2.185801126228959109e-04
5.086977977655409973e+02 2.207770081920703035e-04
5.087377977655410177e+02 2.230093529352309865e-04
5.087777977655409813e+02 2.252779551880885014e-04
5.088177977655410018e+02 2.275836475595091949e-04
5.088577977655410223e+02 2.299272878549955053e-04
5.088977977655409859e+02 2.323097600436041044e-04
5.089377977655410064e+02 2.347319752708142886e-04
5.089777977655410268e+02 2.371948729200099905e-04
5.090177977655409904e+02 2.396994217254282979e-04
5.090577977655410109e+02 2.422466209396278926e-04
5.090977977655409745e+02 2.448375015587715936e-04
5.091377977655409950e+02 2.474731276092235967e-04
5.091777977655410155e+02 2.501545974992452209e-04
5.092177977655409791e+02 2.528830454398568175e-04
5.092577977655409995e+02 2.556596429392232230e-04
5.092977977655410200e+02 2.584856003752832097e-04
5.093377977655409836e+02 2.613621686516861046e-04
5.093777977655410041e+02 2.642906409425236974e-04
5.094177977655410245e+02 2.672723545317751788e-04
5.094577977655409882e+02 2.703086927538656935e-04
5.094977977655410086e+02 2.734010870422862952e-04
5.095377977655409723e+02 2.765510190937933211e-04
5.095777977655409927e+02 2.797600231563582241e-04
5.096177977655410132e+02 2.830296884497605957e-04
5.096577977655409768e+02 2.863616617284905842e-04
5.096977977655409973e+02 2.897576499975166101e-04
5.097377977655410177e+02 2.932194233924365068e-04
5.097777977655409813e+02 2.967488182366018992e-04
5.098177977655410018e+02 3.003477402890469849e-04
5.098577977655410223e+02 3.040181681983081751e-04
5.098977977655409859e+02 3.077621571788456754e-04
5.099377977655410064e+02 3.115818429283229098e-04
5.099777977655410268e+02 3.154794458060034066e-04
5.100177977655409904e+02 3.194572752945546096e-04
5.100577977655410109e+02 3.235177347700165856e-04
5.100977977655409745e+02 3.276633266073426896e-04
5.101377977655409950e+02 3.318966576520229902e-04
5.101777977655410155e+02 3.362204450917606244e-04
5.102177977655409791e+02 3.406375227661573735e-04
5.102577977655409995e+02 3.451508479568723758e-04
5.102977977655410200e+02 3.497635087059256962e-04
5.103377977655409836e+02 3.544787317157550204e-04
5.103777977655410041e+02 3.592998908914882836e-04
5.104177977655410245e+02 3.642305165938393213e-04
5.104577977655409882e+02 3.692743056801526874e-04
5.104977977655410086e+02 3.744351324218532159e-04
5.105377977655409723e+02 3.797170603989147211e-04
5.105777977655409927e+02 3.851243554865629100e-04
5.106177977655410132e+02 3.906615000664633822e-04
5.106577977655409768e+02 3.963332086148037238e-04
5.106977977655409973e+02 4.021444448434588937e-04
5.107377977655410177e+02 4.081004405987015112e-04
5.107777977655409813e+02 4.142067167556594070e-04
5.108177977655410018e+02 4.204691063870410247e-04
5.108577977655410223e+02 4.268937805332353964e-04
5.108977977655409859e+02 4.334872769595238154e-04
5.109377977655410064e+02 4.402565323573045955e-04
5.109777977655410268e+02 4.472089185330997241e-04
5.110177977655409904e+02 4.543522832355112060e-04
5.110577977655410109e+02 4.616949964014616797e-04
5.110977977655409745e+02 4.692460027656335741e-04
5.111377977655409950e+02 4.770148819795657128e-04
5.111777977655410155e+02 4.850119176408713116e-04
5.112177977655409791e+02 4.932481769535064856e-04
5.112577977655409995e+02 5.017356031469685741e-04
5.112977977655410200e+02 5.104871233027325058e-04
5.113377977655409836e+02 5.195167749064196622e-04
5.113777977655410041e+02 5.288398553140752313e-04
5.114177977655410245e+02 5.384730994587268779e-04
5.114577977655409882e+02 5.484348926243101750e-04
5.114977977655410086e+02 5.587455271118007454e-04
5.115377977655409723e+02 5.694275143059196378e-04
5.115777977655409927e+02 5.805059672921859511e-04
5.116177977655410132e+02 5.920090741667578078e-04
5.116577977655409768e+02 6.039686891045285139e-04
5.116977977655409973e+02 6.164210779648393633e-04
5.117377977655410177e+02 6.294078690181157277e-04
5.117777977655409813e+02 6.429772792595088351e-04
5.118177977655410018e+02 6.571857158297608270e-04
5.118577977655410223e+02 6.720998951781333381e-04
5.118977977655409859e+02 6.877996876422560763e-04
5.119377977655410064e+02 7.043819949677058989e-04
5.119777977655410268e+02 7.219661244545857353e-04
5.120177977655409904e+02 7.407013725070074129e-04
5.120577977655409541e+02 7.607779358935910568e-04
5.120977977655410314e+02 7.824429432085252276e-04
5.121377977655409950e+02 8.060245429524752090e-04
5.121777977655409586e+02 8.319689610488697042e-04
5.122177977655410359e+02 8.608988957424854168e-04
5.122577977655409995e+02 8.937076364404157635e-04
5.122977977655409632e+02 9.317133356609558735e-04
5.123377977655410405e+02 9.769120170446364548e-04
5.123777977655410041e+02 1.032374320075831907e-03
5.124177977655409677e+02 1.102756197990411051e-03
5.124577977655410450e+02 1.194419806790356911e-03
5.124977977655410086e+02 1.312953471270241097e-03
5.125377977655409723e+02 1.453888588938373949e-03
5.125777977655410496e+02 1.593463564432373060e-03
5.126177977655410132e+02 1.707087996912977010e-03
5.126577977655409768e+02 1.798242182799550046e-03
5.126977977655410541e+02 1.866921802892114023e-03
5.127377977655410177e+02 1.889558710517912901e-03
5.127777977655409813e+02 1.891385052910269033e-03
5.128177977655409450e+02 1.935486139268373026e-03
5.128577977655410223e+02 2.054024438877383868e-03
5.128977977655409859e+02 2.225888801665076855e-03
5.129377977655409495e+02 2.387301321308878902e-03
5.129777977655410268e+02 2.479180820779071977e-03
5.130177977655409904e+02 2.468618981529214790e-03
5.130577977655409541e+02 2.364234404319084069e-03
5.130977977655410314e+02 2.248887865676230981e-03
5.131377977655409950e+02 2.191173301044682057e-03
5.131777977655409586e+02 2.199921935707821203e-03
5.132177977655410359e+02 2.245609352261558004e-03
5.132577977655409995e+02 2.297832732195945020e-03
5.132977977655409632e+02 2.359692039741029951e-03
5.133377977655410405e+02 2.434933366943942915e-03
5.133777977655410041e+02 2.510241405611601025e-03
5.134177977655409677e+02 2.598379794710485840e-03
5.134577977655410450e+02 2.736727872109860019e-03
5.134977977655410086e+02 2.954884793796407148e-03
5.135377977655409723e+02 3.267175599650104945e-03
5.135777977655410496e+02 3.662919350027455095e-03
5.136177977655410132e+02 4.102399783860597587e-03
5.136577977655409768e+02 4.559305428076211239e-03
5.136977977655410541e+02 5.027449090214515352e-03
5.137377977655410177e+02 5.455396201350545121e-03
5.137777977655409813e+02 5.787052662492906015e-03
5.138177977655409450e+02 6.071149650790912990e-03
5.138577977655410223e+02 6.391345378087606895e-03
5.138977977655409859e+02 6.702530777436295842e-03
5.139377977655409495e+02 6.923772484896882976e-03
5.139777977655410268e+02 7.161599943800347166e-03
5.140177977655409904e+02 7.533160927885370652e-03
5.140577977655409541e+02 8.041810167987207408e-03
5.140977977655410314e+02 8.655818501006287691e-03
5.141377977655409950e+02 9.351394012139493256e-03
5.141777977655409586e+02 9.876920223699885842e-03
5.142177977655410359e+02 9.977186270714300670e-03
5.142577977655409995e+02 9.898475879483193199e-03
5.142977977655409632e+02 1.009401721721112956e-02
5.143377977655410405e+02 1.081265109096045916e-02
5.143777977655410041e+02 1.206073766494022981e-02
5.144177977655409677e+02 1.363763824017272079e-02
5.144577977655410450e+02 1.508021838231149957e-02
5.144977977655410086e+02 1.584762519240014850e-02
5.145377977655409723e+02 1.603265865711041988e-02
5.145777977655410496e+02 1.638367976530379078e-02
5.146177977655410132e+02 1.736155216567262030e-02
5.146577977655409768e+02 1.894286616632331888e-02
5.146977977655410541e+02 2.104877445353176002e-02
5.147377977655410177e+02 2.359545563380690061e-02
5.147777977655409813e+02 2.636249093596967907e-02
5.148177977655409450e+02 2.955583782438295920e-02
5.148577977655410223e+02 3.409419467178879254e-02
5.148977977655409859e+02 4.053946474343413098e-02
5.149377977655409495e+02 4.851671179938214090e-02
5.149777977655410268e+02 5.691928467018818327e-02
5.150177977655409904e+02 6.359779879219655541e-02
5.150577977655409541e+02 6.605943885987616837e-02
5.150977977655410314e+02 6.341337201872199181e-02
5.151377977655409950e+02 5.689668202198332886e-02
5.151777977655409586e+02 4.953013683919701288e-02
5.152177977655410359e+02 4.412736922928321703e-02
5.152577977655409995e+02 4.144964946861526278e-02
5.152977977655409632e+02 4.081343991484236156e-02
5.153377977655410405e+02 4.168842638390306277e-02
5.153777977655410041e+02 4.402015749997460758e-02
5.154177977655409677e+02 4.740706024061285689e-02
5.154577977655410450e+02 5.126497136744132682e-02
5.154977977655410086e+02 5.547783534844173692e-02
5.155377977655409723e+02 6.011819727854030709e-02
5.155777977655410496e+02 6.562577324162037484e-02
5.156177977655410132e+02 7.268387958643650337e-02
5.156577977655409768e+02 8.034692165031565025e-02
5.156977977655410541e+02 8.674801779237063803e-02
5.157377977655410177e+02 9.180285307037813758e-02
5.157777977655409813e+02 9.623200580830647277e-02
5.158177977655409450e+02 1.007561924366223022e-01
5.158577977655410223e+02 1.050348075085865973e-01
5.158977977655409859e+02 1.068954834457364056e-01
5.159377977655409495e+02 1.064107005247702936e-01
5.159777977655410268e+02 1.064792179534453931e-01
5.160177977655408768e+02 1.069378352824374989e-01
5.160577977655409541e+02 1.049460813280533034e-01
5.160977977655409177e+02 1.009041707410101019e-01
5.161377977655408813e+02 9.756541678286151376e-02
5.161777977655408449e+02 9.497065903484981642e-02
5.162177977655409222e+02 9.105052730021996610e-02
5.162577977655408858e+02 8.614420031492167618e-02
5.162977977655408495e+02 8.315588815472113593e-02
5.163377977655409268e+02 8.314211532781139169e-02
5.163777977655408904e+02 8.493567469407865833e-02
5.164177977655408540e+02 8.671875583691936173e-02
5.164577977655409313e+02 8.719896233335547309e-02
5.164977977655408949e+02 8.717466620739920680e-02
5.165377977655408586e+02 8.801309833642623204e-02
5.165777977655409359e+02 9.058690422484834415e-02
5.166177977655408995e+02 9.537856018790631663e-02
5.166577977655408631e+02 1.010068843216465062e-01
5.166977977655409404e+02 1.047344538605329001e-01
5.167377977655409040e+02 1.062648629537677053e-01
5.167777977655408677e+02 1.071543669866178994e-01
5.168177977655409450e+02 1.081323152746522936e-01
5.168577977655409086e+02 1.089734433939295033e-01
5.168977977655408722e+02 1.081417743177510021e-01
5.169377977655409495e+02 1.040365572182506970e-01
5.169777977655409131e+02 9.776185891587703403e-02
5.170177977655409904e+02 9.096703389735127931e-02
5.170577977655409541e+02 8.415734232059510211e-02
5.170977977655409177e+02 7.682739969995937279e-02
5.171377977655408813e+02 6.948023179314059827e-02
5.171777977655408449e+02 6.356528332970555473e-02
5.172177977655409222e+02 5.918191761640845261e-02
5.172577977655408858e+02 5.525421344988525746e-02
5.172977977655408495e+02 5.087636091131268745e-02
5.173377977655409268e+02 4.635156471075514706e-02
5.173777977655408904e+02 4.237220617150114915e-02
5.174177977655408540e+02 3.913949264903292258e-02
5.174577977655409313e+02 3.674208622845300670e-02
5.174977977655408949e+02 3.515557663142852840e-02
5.175377977655408586e+02 3.418345969043753291e-02
5.175777977655409359e+02 3.386869360568593029e-02
5.176177977655408995e+02 3.417940132493597905e-02
5.176577977655408631e+02 3.462433178754902030e-02
5.176977977655409404e+02 3.453047721574017265e-02
5.177377977655409040e+02 3.358703822739182721e-02
5.177777977655408677e+02 3.220648648924245155e-02
5.178177977655409450e+02 3.100004482256826094e-02
5.178577977655409086e+02 3.013778318000160869e-02
5.178977977655408722e+02 2.926984377545985977e-02
5.179377977655409495e+02 2.839619959233833854e-02
5.179777977655409131e+02 2.794999795101257151e-02
5.180177977655409904e+02 2.806726434117888871e-02
5.180577977655409541e+02 2.822210166833401951e-02
5.180977977655410314e+02 2.811015602473189087e-02
5.181377977655409950e+02 2.775916931976078056e-02
5.181777977655409586e+02 2.688971340768704990e-02
5.182177977655410359e+02 2.545243995872576923e-02
5.182577977655409995e+02 2.378053410184357078e-02
5.182977977655409632e+02 2.207803123613842969e-02
5.183377977655410405e+02 2.035093324820548902e-02
5.183777977655410041e+02 1.858453243934928001e-02
5.184177977655409677e+02 1.691671738579846040e-02
5.184577977655410450e+02 1.561917344385396061e-02
5.184977977655410086e+02 1.484396201207502028e-02
5.185377977655409723e+02 1.456783084105515991e-02
5.185777977655410496e+02 1.450442679422097973e-02
5.186177977655410132e+02 1.418089313095751043e-02
5.186577977655409768e+02 1.343295359816844975e-02
5.186977977655410541e+02 1.253087679541849998e-02
5.187377977655410177e+02 1.179434029249419938e-02
5.187777977655409813e+02 1.143758046318451085e-02
5.188177977655409450e+02 1.157475995991118917e-02
5.188577977655410223e+02 1.217109371262035944e-02
5.188977977655409859e+02 1.306994446415520039e-02
5.189377977655409495e+02 1.418546344000141957e-02
5.189777977655410268e+02 1.549083721822097984e-02
5.190177977655409904e+02 1.644415298963529046e-02
5.190577977655409541e+02 1.642514789053965002e-02
5.190977977655410314e+02 1.581317339470759975e-02
5.191377977655409950e+02 1.544788926851728070e-02
5.191777977655409586e+02 1.567018927394185981e-02
5.192177977655410359e+02 1.605748400552864039e-02
5.192577977655409995e+02 1.580653737362590003e-02
5.192977977655409632e+02 1.464911120223636072e-02
5.193377977655410405e+02 1.309607529602268942e-02
5.193777977655410041e+02 1.176532737398851974e-02
5.194177977655409677e+02 1.087951575303489939e-02
5.194577977655410450e+02 1.027228876978101939e-02
5.194977977655410086e+02 9.740143761713894802e-03
5.195377977655409723e+02 9.252816736535045272e-03
5.195777977655410496e+02 8.857898480763735580e-03
5.196177977655410132e+02 8.534421003508589620e-03
5.196577977655409768e+02 8.205583713408032970e-03
5.196977977655410541e+02 7.892850142139135397e-03
5.197377977655410177e+02 7.602468236685824832e-03
5.197777977655409813e+02 7.253538165162838613e-03
5.198177977655409450e+02 6.850984677499379581e-03
5.198577977655410223e+02 6.522553190152118388e-03
5.198977977655409859e+02 6.314798987522609632e-03
5.199377977655409495e+02 6.181681616395750048e-03
5.199777977655410268e+02 6.114035556186639582e-03
5.200177977655409904e+02 6.123104467535543140e-03
5.200577977655409541e+02 6.169964075078957812e-03
5.200977977655410314e+02 6.194798818144549128e-03
5.201377977655409950e+02 6.152933362596636063e-03
5.201777977655409586e+02 6.056815990017045889e-03
5.202177977655410359e+02 5.981919643595537579e-03
5.202577977655409995e+02 5.985139116226645926e-03
5.202977977655409632e+02 6.070435540242217175e-03
5.203377977655410405e+02 6.262852867595981345e-03
5.203777977655410041e+02 6.585995049147905234e-03
5.204177977655409677e+02 7.010542996032323275e-03
5.204577977655410450e+02 7.493463827584555259e-03
5.204977977655410086e+02 8.047467181061994379e-03
5.205377977655409723e+02 8.702325056944930012e-03
5.205777977655410496e+02 9.492032074236532793e-03
5.206177977655410132e+02 1.050939818282775086e-02
5.206577977655409768e+02 1.192921988768502924e-02
5.206977977655410541e+02 1.391035926398877069e-02
5.207377977655410177e+02 1.645293986088341986e-02
5.207777977655409813e+02 1.935416535942939900e-02
5.208177977655409450e+02 2.229332201282359024e-02
5.208577977655410223e+02 2.464705094331129040e-02
5.208977977655409859e+02 2.584400892839907107e-02
5.209377977655409495e+02 2.609941238872295899e-02
5.209777977655410268e+02 2.569096740636233125e-02
5.210177977655409904e+02 2.474872606332175970e-02
5.210577977655409541e+02 2.390235439513178906e-02
5.210977977655410314e+02 2.379532167884586963e-02
5.211377977655409950e+02 2.469123537773041874e-02
5.211777977655409586e+02 2.644517412467806139e-02
5.212177977655410359e+02 2.873404336036938095e-02
5.212577977655409995e+02 3.120056917826830034e-02
5.212977977655409632e+02 3.358857055978171913e-02
5.213377977655410405e+02 3.594013281574288260e-02
5.213777977655410041e+02 3.838043642306850078e-02
5.214177977655409677e+02 4.128877657221297071e-02
5.214577977655410450e+02 4.550427538970767960e-02
5.214977977655410086e+02 5.099759692996370247e-02
5.215377977655409723e+02 5.508080219615196088e-02
5.215777977655410496e+02 5.447525699809713240e-02
5.216177977655410132e+02 5.035766507030751959e-02
5.216577977655409768e+02 4.606588836684157723e-02
5.216977977655410541e+02 4.323921963580792255e-02
5.217377977655410177e+02 4.179064107896641317e-02
5.217777977655409813e+02 4.124059900722647221e-02
5.218177977655409450e+02 4.111171727829215222e-02
5.218577977655410223e+02 4.097589501546782670e-02
5.218977977655409859e+02 4.064993514616784681e-02
5.219377977655409495e+02 4.049788471304582860e-02
5.219777977655410268e+02 4.108414179834508212e-02
5.220177977655409904e+02 4.323055320766813758e-02
5.220577977655409541e+02 4.816524532442578721e-02
5.220977977655410314e+02 5.633647121294319687e-02
5.221377977655409950e+02 6.635837344767656076e-02
5.221777977655409586e+02 7.489680972877175991e-02
5.222177977655410359e+02 7.839210190061296490e-02
5.222577977655409995e+02 7.641326587598246123e-02
5.222977977655409632e+02 7.218240326632763271e-02
5.223377977655410405e+02 6.910394118201639013e-02
5.223777977655410041e+02 6.707505723010924459e-02
5.224177977655409677e+02 6.335023196583598748e-02
5.224577977655410450e+02 5.774693927179398723e-02
5.224977977655410086e+02 5.132592955840752091e-02
5.225377977655409723e+02 4.524875583811138746e-02
5.225777977655410496e+02 3.988894283435560906e-02
5.226177977655410132e+02 3.535885989472505042e-02
5.226577977655409768e+02 3.197252403487520211e-02
5.226977977655410541e+02 3.000413625320413891e-02
5.227377977655410177e+02 2.936330154204434134e-02
5.227777977655409813e+02 2.964769126094784005e-02
5.228177977655409450e+02 3.065938834097230864e-02
5.228577977655410223e+02 3.256427958057191846e-02
5.228977977655409859e+02 3.543460786343940322e-02
5.229377977655409495e+02 3.884238311683411299e-02
5.229777977655410268e+02 4.196559338848199205e-02
5.230177977655409904e+02 4.414117982949782026e-02
5.230577977655409541e+02 4.546860489339755312e-02
5.230977977655410314e+02 4.656931040740770744e-02
5.231377977655409950e+02 4.752385474905725105e-02
5.231777977655409586e+02 4.794233418005496017e-02
5.232177977655410359e+02 4.746679125686097817e-02
5.232577977655409995e+02 4.600444332861740315e-02
5.232977977655409632e+02 4.404590980974781855e-02
5.233377977655410405e+02 4.207407198626728073e-02
5.233777977655410041e+02 4.015671841287663663e-02
5.234177977655409677e+02 3.858473764177280246e-02
5.234577977655410450e+02 3.781323430995679746e-02
5.234977977655410086e+02 3.806661111138175818e-02
5.235377977655409723e+02 3.945639437806258698e-02
5.235777977655410496e+02 4.207485082536187998e-02
5.236177977655410132e+02 4.607719531597880697e-02
5.236577977655409768e+02 5.161513389076020919e-02
5.236977977655410541e+02 5.836058547126646984e-02
5.237377977655410177e+02 6.567778549913697028e-02
5.237777977655409813e+02 7.237735924854138414e-02
5.238177977655409450e+02 7.636454699258314605e-02
5.238577977655410223e+02 7.646507308687522375e-02
5.238977977655409859e+02 7.339313885420148398e-02
5.239377977655409495e+02 6.784450713924262966e-02
5.239777977655410268e+02 6.089767607146202161e-02
5.240177977655409904e+02 5.479943622018987326e-02
5.240577977655409541e+02 5.120287637357399252e-02
5.240977977655410314e+02 4.997254517915292182e-02
5.241377977655409950e+02 4.967655447203934982e-02
5.241777977655409586e+02 4.902502253358730772e-02
5.242177977655410359e+02 4.762994007413620667e-02
5.242577977655409995e+02 4.557453640789795035e-02
5.242977977655409632e+02 4.337531917432067841e-02
5.243377977655410405e+02 4.145101277152535291e-02
5.243777977655410041e+02 3.934979258562992105e-02
5.244177977655409677e+02 3.643169213850303012e-02
5.244577977655410450e+02 3.313868103160835799e-02
5.244977977655410086e+02 3.035359676499455039e-02
5.245377977655409723e+02 2.813603052935133991e-02
5.245777977655410496e+02 2.604242127357513092e-02
5.246177977655410132e+02 2.403538962289948969e-02
5.246577977655409768e+02 2.233079414608664034e-02
5.246977977655410541e+02 2.088150789714382158e-02
5.247377977655410177e+02 1.957186312363599912e-02
5.247777977655409813e+02 1.834314976128013919e-02
5.248177977655409450e+02 1.706034120437725093e-02
5.248577977655410223e+02 1.561312175177751935e-02
5.248977977655409859e+02 1.410104173855005957e-02
5.249377977655409495e+02 1.269511700355907026e-02
5.249777977655410268e+02 1.149166087586720071e-02
5.250177977655409904e+02 1.055200463158489053e-02
5.250577977655409541e+02 9.861057104242213281e-03
5.250977977655410314e+02 9.276851326717338100e-03
5.251377977655409950e+02 8.633936237400777897e-03
5.251777977655409586e+02 7.920149981644709555e-03
5.252177977655410359e+02 7.252568499062333161e-03
5.252577977655409995e+02 6.740822003444830839e-03
5.252977977655409632e+02 6.382535108729510583e-03
5.253377977655410405e+02 6.099864388988123810e-03
5.253777977655410041e+02 5.859291483211157697e-03
5.254177977655409677e+02 5.670938046271530378e-03
5.254577977655410450e+02 5.518257371996668215e-03
5.254977977655410086e+02 5.415405064076466227e-03
5.255377977655409723e+02 5.420237726097977375e-03
5.255777977655410496e+02 5.545734414405616673e-03
5.256177977655410132e+02 5.745945329409806422e-03
5.256577977655409768e+02 5.941456930327015419e-03
5.256977977655410541e+02 6.031309541545070395e-03
5.257377977655410177e+02 5.935136220106567231e-03
5.257777977655409813e+02 5.651454757775502269e-03
5.258177977655409450e+02 5.218996947845398575e-03
5.258577977655410223e+02 4.699196330659874583e-03
5.258977977655409859e+02 4.186062142225309597e-03
5.259377977655409495e+02 3.770382829602206016e-03
5.259777977655410268e+02 3.471624209812390095e-03
5.260177977655409904e+02 3.246960469490574146e-03
5.260577977655409541e+02 3.050330067750977106e-03
5.260977977655410314e+02 2.860366031837108941e-03
5.261377977655409950e+02 2.691020772418656944e-03
5.261777977655409586e+02 2.573919739419537785e-03
5.262177977655410359e+02 2.521176110461373094e-03
5.262577977655409995e+02 2.520143057650817142e-03
5.262977977655409632e+02 2.555107724581682019e-03
5.263377977655410405e+02 2.599458563460230968e-03
5.263777977655410041e+02 2.591742283341216119e-03
5.264177977655409677e+02 2.500739739188402849e-03
5.264577977655410450e+02 2.381831219413542942e-03
5.264977977655410086e+02 2.297371584994903956e-03
5.265377977655409723e+02 2.268292198070493045e-03
5.265777977655410496e+02 2.281315625600069050e-03
5.266177977655410132e+02 2.309335914802962148e-03
5.266577977655409768e+02 2.325213847162041058e-03
5.266977977655410541e+02 2.320891506593251996e-03
5.267377977655410177e+02 2.318956496646386832e-03
5.267777977655409813e+02 2.334032813278083974e-03
5.268177977655409450e+02 2.337568147226649212e-03
5.268577977655410223e+02 2.304591218669489999e-03
5.268977977655409859e+02 2.257216687983832921e-03
5.269377977655409495e+02 2.199139337706648798e-03
5.269777977655410268e+02 2.105811091430015002e-03
5.270177977655399673e+02 1.987522466838973975e-03
5.270577977655400446e+02 1.882412466394323960e-03
5.270977977655400082e+02 1.806816385268275984e-03
5.271377977655399718e+02 1.750500820988349021e-03
5.271777977655400491e+02 1.707592809061395100e-03
5.272177977655400127e+02 1.668318618867580894e-03
5.272577977655399764e+02 1.610114614764937037e-03
5.272977977655400537e+02 1.532485255751125019e-03
5.273377977655400173e+02 1.453523811572309107e-03
5.273777977655399809e+02 1.386423801830021993e-03
5.274177977655399445e+02 1.336957301811101013e-03
5.274577977655400218e+02 1.308067896704064948e-03
5.274977977655399854e+02 1.305136503691409038e-03
5.275377977655399491e+02 1.329293503922355938e-03
5.275777977655400264e+02 1.367686584879383108e-03
5.276177977655399900e+02 1.397559420262182951e-03
5.276577977655399536e+02 1.397806466754851051e-03
5.276977977655400309e+02 1.359565763971271957e-03
5.277377977655399945e+02 1.293564921526939044e-03
5.277777977655399582e+02 1.225908907233119087e-03
5.278177977655400355e+02 1.179793155882514089e-03
5.278577977655399991e+02 1.159958805230973909e-03
5.278977977655399627e+02 1.142826309214115032e-03
5.279377977655400400e+02 1.096346101298975931e-03
5.279777977655400036e+02 1.021454824942447017e-03
5.280177977655399673e+02 9.454621144382876173e-04
5.280577977655400446e+02 8.866317668399041054e-04
5.280977977655400082e+02 8.474683062946253894e-04
5.281377977655399718e+02 8.233883686559096034e-04
5.281777977655400491e+02 8.078006922417126394e-04
5.282177977655400127e+02 7.951945312429431261e-04
5.282577977655399764e+02 7.828094443622154053e-04
5.282977977655400537e+02 7.675237290967040077e-04
5.283377977655400173e+02 7.519952005429283862e-04
5.283777977655399809e+02 7.451632464276114649e-04
5.284177977655399445e+02 7.506859037877750473e-04
5.284577977655400218e+02 7.674422111028549390e-04
5.284977977655399854e+02 7.987359651483162638e-04
5.285377977655399491e+02 8.477791808635369315e-04
5.285777977655400264e+02 9.014967272210031458e-04
5.286177977655399900e+02 9.249593095603058203e-04
5.286577977655399536e+02 8.982401284510695702e-04
5.286977977655400309e+02 8.458993917975770205e-04
5.287377977655399945e+02 7.920979694064983955e-04
5.287777977655399582e+02 7.404161831216785538e-04
5.288177977655400355e+02 6.975941697518835052e-04
5.288577977655399991e+02 6.739260167719166852e-04
5.288977977655399627e+02 6.714289094115694426e-04
5.289377977655400400e+02 6.851224550363429469e-04
5.289777977655400036e+02 7.116818599832719101e-04
5.290177977655399673e+02 7.452733501857762826e-04
5.290577977655400446e+02 7.602313527565724262e-04
5.290977977655400082e+02 7.265789847119545229e-04
5.291377977655399718e+02 6.523609814851306313e-04
5.291777977655400491e+02 5.716535225416757111e-04
5.292177977655400127e+02 5.052124572693499896e-04
5.292577977655399764e+02 4.557911359338903245e-04
5.292977977655400537e+02 4.197913307446984269e-04
5.293377977655400173e+02 3.932950680120152849e-04
5.293777977655399809e+02 3.733422702524133072e-04
5.294177977655399445e+02 3.576655647744445086e-04
5.294577977655400218e+02 3.443955467314028791e-04
5.294977977655399854e+02 3.324439777122257167e-04
5.295377977655399491e+02 3.217231078123364740e-04
5.295777977655400264e+02 3.123575604994647983e-04
5.296177977655399900e+02 3.042423990279543200e-04
5.296577977655399536e+02 2.971641242149091269e-04
5.296977977655400309e+02 2.909298784693871778e-04
5.297377977655399945e+02 2.854027632501849807e-04
5.297777977655399582e+02 2.805012589672884263e-04
5.298177977655400355e+02 2.761951814717087750e-04
5.298577977655399991e+02 2.725068883752139915e-04
5.298977977655399627e+02 2.695159058091778923e-04
5.299377977655400400e+02 2.673481475162494759e-04
5.299777977655400036e+02 2.660795955442650106e-04
5.300177977655399673e+02 2.654124180842544175e-04
5.300577977655400446e+02 2.642693277465820172e-04
5.300977977655400082e+02 2.615224093256381978e-04
5.301377977655399718e+02 2.576326014386700150e-04
5.301777977655400491e+02 2.539546662629088049e-04
5.302177977655400127e+02 2.509891694979639147e-04
5.302577977655399764e+02 2.483513801358414866e-04
5.302977977655400537e+02 2.459202862943875062e-04
5.303377977655400173e+02 2.440054100435965086e-04
5.303777977655399809e+02 2.421081978494359923e-04
5.304177977655399445e+02 2.388428351415694941e-04
5.304577977655400218e+02 2.338425584438366938e-04
5.304977977655399854e+02 2.283856238844901880e-04
5.305377977655399491e+02 2.236288660906168889e-04
5.305777977655400264e+02 2.199115675573812083e-04
5.306177977655399900e+02 2.172019437898608076e-04
5.306577977655399536e+02 2.153619814138956943e-04
5.306977977655400309e+02 2.140189584744274130e-04
5.307377977655399945e+02 2.123301413586545943e-04
5.307777977655399582e+02 2.095182965631299109e-04
5.308177977655400355e+02 2.058958280279747112e-04
5.308577977655399991e+02 2.023354156619912021e-04
5.308977977655399627e+02 1.993306993217591966e-04
5.309377977655400400e+02 1.969571972047488059e-04
5.309777977655400036e+02 1.950710107507503093e-04
5.310177977655399673e+02 1.932856958970773119e-04
5.310577977655400446e+02 1.910805389323197987e-04
5.310977977655400082e+02 1.883327567207371094e-04
5.311377977655399718e+02 1.854330933764299994e-04
5.311777977655400491e+02 1.827193129376347865e-04
5.312177977655400127e+02 1.802690723453119969e-04
5.312577977655399764e+02 1.780424879448482098e-04
5.312977977655400537e+02 1.759837868475764872e-04
5.313377977655400173e+02 1.740493558124283897e-04
5.313777977655399809e+02 1.722091614631964006e-04
5.314177977655399445e+02 1.704430385112307112e-04
5.314577977655400218e+02 1.687373105359138989e-04
5.314977977655399854e+02 1.670824811964421867e-04
5.315377977655399491e+02 1.654717674730263083e-04
5.315777977655400264e+02 1.639001806582492918e-04
5.316177977655399900e+02 1.623639458719029955e-04
5.316577977655399536e+02 1.608601291394391069e-04
5.316977977655400309e+02 1.593863929071467000e-04
5.317377977655399945e+02 1.579408323436189913e-04
5.317777977655399582e+02 1.565218634453287056e-04
5.318177977655400355e+02 1.551281450402105914e-04
5.318577977655399991e+02 1.537585234267162910e-04
5.318977977655399627e+02 1.524119924342013895e-04
5.319377977655400400e+02 1.510876642026615926e-04
5.319777977655400036e+02 1.497847475695775047e-04
5.320177977655399673e+02 1.485025319792345985e-04
5.320577977655400446e+02 1.472403755106413870e-04
5.320977977655400082e+02 1.459976960856484095e-04
5.321377977655399718e+02 1.447739652521598086e-04
5.321777977655400491e+02 1.435687041939113042e-04
5.322177977655400127e+02 1.423814818388484881e-04
5.322577977655399764e+02 1.412119151580024123e-04
5.322977977655400537e+02 1.400596720036039085e-04
5.323377977655400173e+02 1.389244771786731078e-04
5.323777977655399809e+02 1.378061229352294079e-04
5.324177977655399445e+02 1.367044858869250119e-04
5.324577977655400218e+02 1.356195536021410886e-04
5.324977977655399854e+02 1.345514662749131094e-04
5.325377977655399491e+02 1.335005824728397014e-04
5.325777977655400264e+02 1.324675840617570112e-04
5.326177977655399900e+02 1.314536455166818996e-04
5.326577977655399536e+02 1.304607082637372043e-04
5.326977977655400309e+02 1.294919180929666113e-04
5.327377977655399945e+02 1.285522739571059005e-04
5.327777977655399582e+02 1.276493590038650986e-04
5.328177977655400355e+02 1.267931326959125980e-04
5.328577977655399991e+02 1.259906330523106912e-04
5.328977977655399627e+02 1.252257735703672897e-04
5.329377977655400400e+02 1.244272158582094873e-04
5.329777977655400036e+02 1.235011095097930884e-04
5.330177977655399673e+02 1.224502952652215015e-04
5.330577977655400446e+02 1.213693839796113952e-04
5.330977977655400082e+02 1.203266113040399939e-04
5.331377977655399718e+02 1.193359589343232050e-04
5.331777977655400491e+02 1.183895640050064971e-04
5.332177977655400127e+02 1.174770808906484956e-04
5.332577977655399764e+02 1.165905994409924018e-04
5.332977977655400537e+02 1.157247629041127998e-04
5.333377977655400173e+02 1.148760302574324942e-04
5.333777977655399809e+02 1.140420356133072015e-04
5.334177977655399445e+02 1.132211582187726975e-04
5.334577977655400218e+02 1.124122526913669972e-04
5.334977977655399854e+02 1.116144820384125011e-04
5.335377977655399491e+02 1.108272135649457992e-04
5.335777977655400264e+02 1.100499529737181971e-04
5.336177977655399900e+02 1.092823018548826980e-04
5.336577977655399536e+02 1.085239297186291955e-04
5.336977977655400309e+02 1.077745552329241062e-04
5.337377977655399945e+02 1.070339333971287026e-04
5.337777977655399582e+02 1.063018466145330065e-04
5.338177977655400355e+02 1.055780983717847962e-04
5.338577977655399991e+02 1.048625086911020993e-04
5.338977977655399627e+02 1.041549108074883012e-04
5.339377977655400400e+02 1.034551487052865062e-04
5.339777977655400036e+02 1.027630752661728975e-04
5.340177977655399673e+02 1.020785508580553043e-04
5.340577977655400446e+02 1.014014422459256039e-04
5.340977977655400082e+02 1.007316217406293939e-04
5.341377977655399718e+02 1.000689665254351986e-04
5.341777977655400491e+02 9.941335811691309580e-05
5.342177977655400127e+02 9.876468192830689143e-05
5.342577977655399764e+02 9.812282691189147933e-05
5.342977977655400537e+02 9.748768526276977017e-05
5.343377977655400173e+02 9.685915217089760250e-05
5.343777977655399809e+02 9.623712561129960780e-05
5.344177977655399445e+02 9.562150616477992841e-05
5.344577977655400218e+02 9.501219686319365202e-05
5.344977977655399854e+02 9.440910305465090996e-05
5.345377977655399491e+02 9.381213228503343425e-05
5.345777977655400264e+02 9.322119419296087293e-05
5.346177977655399900e+02 9.263620041593001204e-05
5.346577977655399536e+02 9.205706450581109610e-05
5.346977977655400309e+02 9.148370185223154321e-05
5.347377977655399945e+02 9.091602961266015144e-05
5.347777977655399582e+02 9.035396664822369908e-05
5.348177977655400355e+02 8.979743346446157073e-05
5.348577977655399991e+02 8.924635215636028500e-05
5.348977977655399627e+02 8.870064635712917027e-05
5.349377977655400400e+02 8.816024119025647028e-05
5.349777977655400036e+02 8.762506322447214150e-05
5.350177977655399673e+02 8.709504043129111955e-05
5.350577977655400446e+02 8.657010214486622070e-05
5.350977977655400082e+02 8.605017902391852392e-05
5.351377977655399718e+02 8.553520301554701406e-05
5.351777977655400491e+02 8.502510732074246888e-05
5.352177977655400127e+02 8.451982636146136393e-05
5.352577977655399764e+02 8.401929574912784789e-05
5.352977977655400537e+02 8.352345225445124814e-05
5.353377977655400173e+02 8.303223377845856041e-05
5.353777977655399809e+02 8.254557932465827628e-05
5.354177977655399445e+02 8.206342897225205144e-05
5.354577977655400218e+02 8.158572385032829516e-05
5.354977977655399854e+02 8.111240611297598996e-05
5.355377977655399491e+02 8.064341891526104829e-05
5.355777977655400264e+02 8.017870639001519742e-05
5.356177977655399900e+02 7.971821362539445812e-05
5.356577977655399536e+02 7.926188664316044746e-05
5.356977977655400309e+02 7.880967237765296879e-05
5.357377977655399945e+02 7.836151865541371941e-05
5.357777977655399582e+02 7.791737417543336030e-05
5.358177977655400355e+02 7.747718848998911005e-05
5.358577977655399991e+02 7.704091198604972896e-05
5.358977977655399627e+02 7.660849586721738642e-05
5.359377977655400400e+02 7.617989213618852240e-05
5.359777977655400036e+02 7.575505357770856299e-05
5.360177977655399673e+02 7.533393374199970046e-05
5.360577977655400446e+02 7.491648692864508175e-05
5.360977977655400082e+02 7.450266817090911734e-05
5.361377977655399718e+02 7.409243322047926014e-05
5.361777977655400491e+02 7.368573853260946768e-05
5.362177977655400127e+02 7.328254125165610490e-05
5.362577977655399764e+02 7.288279919698492865e-05
5.362977977655400537e+02 7.248647084924351612e-05
5.363377977655400173e+02 7.209351533697845593e-05
5.363777977655399809e+02 7.170389242359184040e-05
5.364177977655399445e+02 7.131756249461992838e-05
5.364577977655400218e+02 7.093448654532817838e-05
5.364977977655399854e+02 7.055462616860645655e-05
5.365377977655399491e+02 7.017794354315989305e-05
5.365777977655400264e+02 6.980440142198110248e-05
5.366177977655399900e+02 6.943396312109712757e-05
5.366577977655399536e+02 6.906659250858308298e-05
5.366977977655400309e+02 6.870225399382843190e-05
5.367377977655399945e+02 6.834091251705710131e-05
5.367777977655399582e+02 6.798253353908330300e-05
5.368177977655400355e+02 6.762708303130326320e-05
5.368577977655399991e+02 6.727452746591145003e-05
5.368977977655399627e+02 6.692483380633582318e-05
5.369377977655400400e+02 6.657796949788531628e-05
5.369777977655400036e+02 6.623390245860048516e-05
5.370177977655399673e+02 6.589260107030553307e-05
5.370577977655400446e+02 6.555403416985150793e-05
5.370977977655400082e+02 6.521817104054655149e-05
5.371377977655399718e+02 6.488498140376660044e-05
5.371777977655400491e+02 6.455443541074182311e-05
5.372177977655400127e+02 6.422650363451228657e-05
5.372577977655399764e+02 6.390115706204842249e-05
5.372977977655400537e+02 6.357836708652992201e-05
5.373377977655400173e+02 6.325810549977965800e-05
5.373777977655399809e+02 6.294034448484570933e-05
5.374177977655399445e+02 6.262505660872808542e-05
5.374577977655400218e+02 6.231221481524502838e-05
5.374977977655399854e+02 6.200179241803386448e-05
5.375377977655399491e+02 6.169376309368187876e-05
5.375777977655400264e+02 6.138810087498321438e-05
5.376177977655399900e+02 6.108478014431695886e-05
5.376577977655399536e+02 6.078377562714147700e-05
5.376977977655400309e+02 6.048506238560196841e-05
5.377377977655399945e+02 6.018861581224593707e-05
5.377777977655399582e+02 5.989441162384172784e-05
5.378177977655400355e+02 5.960242585529769725e-05
5.378577977655399991e+02 5.931263485367648241e-05
5.378977977655399627e+02 5.902501527229934671e-05
5.379377977655400400e+02 5.873954406493888812e-05
5.379777977655400036e+02 5.845619848009247301e-05
5.380177977655399673e+02 5.817495605533514201e-05
5.380577977655400446e+02 5.789579461174561151e-05
5.380977977655400082e+02 5.761869224840160977e-05
5.381377977655399718e+02 5.734362733694012293e-05
5.381777977655400491e+02 5.707057851617750250e-05
5.382177977655400127e+02 5.679952468678565325e-05
5.382577977655399764e+02 5.653044500601778942e-05
5.382977977655400537e+02 5.626331888248045930e-05
5.383377977655400173e+02 5.599812597094649838e-05
5.383777977655399809e+02 5.573484616720147765e-05
5.384177977655399445e+02 5.547345960292164114e-05
5.384577977655400218e+02 5.521394664057406961e-05
5.384977977655399854e+02 5.495628786833562811e-05
5.385377977655399491e+02 5.470046409502270121e-05
5.385777977655400264e+02 5.444645634502578698e-05
5.386177977655399900e+02 5.419424585324184111e-05
5.386577977655399536e+02 5.394381405999703271e-05
5.386977977655400309e+02 5.369514260595138712e-05
5.387377977655399945e+02 5.344821332697763822e-05
5.387777977655399582e+02 5.320300824900504758e-05
5.388177977655400355e+02 5.295950958281791734e-05
5.388577977655399991e+02 5.271769971880059112e-05
5.388977977655399627e+02 5.247756122161454983e-05
5.389377977655400400e+02 5.223907682479898325e-05
5.389777977655400036e+02 5.200222942527982098e-05
5.390177977655399673e+02 5.176700207777402279e-05
5.390577977655400446e+02 5.153337798907424070e-05
5.390977977655400082e+02 5.130134051219716301e-05
5.391377977655399718e+02 5.107087314037676325e-05
5.391777977655400491e+02 5.084195950088530322e-05
5.392177977655400127e+02 5.061458334865768892e-05
5.392577977655399764e+02 5.038872855969840322e-05
5.392977977655400537e+02 5.016437912424382225e-05
5.393377977655400173e+02 4.994151913965234283e-05
5.393777977655399809e+02 4.972013280299062831e-05
5.394177977655399445e+02 4.950020440328350784e-05
5.394577977655400218e+02 4.928171831338643775e-05
5.394977977655399854e+02 4.906465898144206296e-05
5.395377977655399491e+02 4.884901092187204192e-05
5.395777977655400264e+02 4.863475870585374676e-05
5.396177977655399900e+02 4.842188695122304101e-05
5.396577977655399536e+02 4.821038031174159293e-05
5.396977977655400309e+02 4.800022346565301990e-05
5.397377977655399945e+02 4.779140110345318277e-05
5.397777977655399582e+02 4.758389791477928818e-05
5.398177977655400355e+02 4.737769857432160963e-05
5.398577977655399991e+02 4.717278772664185171e-05
5.398977977655399627e+02 4.696914996977125833e-05
5.399377977655400400e+02 4.676676983744429314e-05
5.399777977655400036e+02 4.656563177980413025e-05
5.400177977655399673e+02 4.636572014239579668e-05
5.400577977655400446e+02 4.616701914323520154e-05
5.400977977655400082e+02 4.596951284771579174e-05
5.401377977655399718e+02 4.577318514107949334e-05
5.401777977655400491e+02 4.557801969813770276e-05
5.402177977655400127e+02 4.538399994988677748e-05
5.402577977655399764e+02 4.519110904660312222e-05
5.402977977655400537e+02 4.499932981694572095e-05
5.403377977655400173e+02 4.480864472251700701e-05
5.403777977655399809e+02 4.461903580724691859e-05
5.404177977655399445e+02 4.443048464086481327e-05
5.404577977655400218e+02 4.424297225559873753e-05
5.404977977655399854e+02 4.405647907510091925e-05
5.405377977655399491e+02 4.387098483442468242e-05
5.405777977655400264e+02 4.368646848967088696e-05
5.406177977655399900e+02 4.350290811567710263e-05
5.406577977655399536e+02 4.332028078982190717e-05
5.406977977655400309e+02 4.313856245965618804e-05
5.407377977655399945e+02 4.295772779163369677e-05
5.407777977655399582e+02 4.277774999767576075e-05
5.408177977655400355e+02 4.259860063564813241e-05
5.408577977655399991e+02 4.242024937901443143e-05
5.408977977655399627e+02 4.224266374992787052e-05
5.409377977655400400e+02 4.206580880877007180e-05
5.409777977655400036e+02 4.188964679158116157e-05
5.410177977655399673e+02 4.171413668485408937e-05
5.410577977655400446e+02 4.153923372466840667e-05
5.410977977655400082e+02 4.136488880396004268e-05
5.411377977655399718e+02 4.119104776764057730e-05
5.411777977655400491e+02 4.101765057000809970e-05
5.412177977655400127e+02 4.084463026202922274e-05
5.412577977655399764e+02 4.067191176707005151e-05
5.412977977655400537e+02 4.049941039174540744e-05
5.413377977655400173e+02 4.032703000266342806e-05
5.413777977655399809e+02 4.015466077842905278e-05
5.414177977655399445e+02 3.998217641713164685e-05
5.414577977655400218e+02 3.980943063945172208e-05
5.414977977655399854e+02 3.963625277173474790e-05
5.415377977655399491e+02 3.946244211476937806e-05
5.415777977655400264e+02 3.928776069175788017e-05
5.416177977655399900e+02 3.911192380634736994e-05
5.416577977655399536e+02 3.893458760229642724e-05
5.416977977655400309e+02 3.875533245822025268e-05
5.417377977655399945e+02 3.857364050488464274e-05
5.417777977655399582e+02 3.838886470325021156e-05
5.418177977655400355e+02 3.820018557091386696e-05
5.418577977655399991e+02 3.800654944408507306e-05
5.418977977655399627e+02 3.780657847954719283e-05
5.419377977655400400e+02 3.759843625253325180e-05
5.419777977655400036e+02 3.737962149709048165e-05
5.420177977655399673e+02 3.714664164223795812e-05
5.420577977655400446e+02 3.689447761531206254e-05
5.420977977655400082e+02 3.661567063925890309e-05
5.421377977655399718e+02 3.629869177526238262e-05
5.421777977655400491e+02 3.592488057954197964e-05
5.422177977655400127e+02 3.546238786974582294e-05
5.422577977655399764e+02 3.485366716222168781e-05
5.422977977655400537e+02 3.398996315381773778e-05
5.423377977655400173e+02 3.267296799905545276e-05
5.423777977655399809e+02 3.067297599523729324e-05
