5.019832955787600213e+02 6.201927321455134195e-05
5.020232955787599849e+02 6.648046909311721526e-05
5.020632955787600054e+02 6.924025819087778390e-05
5.021032955787600258e+02 7.100946108733261885e-05
5.021432955787599894e+02 7.226531372214968550e-05
5.021832955787600099e+02 7.324033454298823850e-05
5.022232955787599735e+02 7.405005259634990739e-05
5.022632955787599940e+02 7.475613513196220693e-05
5.023032955787600145e+02 7.539391422936799240e-05
5.023432955787599781e+02 7.598490278379116045e-05
5.023832955787599985e+02 7.654288205171350210e-05
5.024232955787600190e+02 7.707706291433455697e-05
5.024632955787599826e+02 7.759382553661176799e-05
5.025032955787600031e+02 7.809772592801829361e-05
5.025432955787600235e+02 7.859210403256959609e-05
5.025832955787599872e+02 7.907946505896095205e-05
5.026232955787600076e+02 7.956172649513757356e-05
5.026632955787599712e+02 8.004038272520645259e-05
5.027032955787599917e+02 8.051661751369291651e-05
5.027432955787600122e+02 8.099138259168222340e-05
5.027832955787599758e+02 8.146545365837058771e-05
5.028232955787599963e+02 8.193947100409251533e-05
5.028632955787600167e+02 8.241396945421587759e-05
5.029032955787599803e+02 8.288940076451281516e-05
5.029432955787600008e+02 8.336615059419184869e-05
5.029832955787600213e+02 8.384455152622512686e-05
5.030232955787599849e+02 8.432489316724120444e-05
5.030632955787600054e+02 8.480743006282700114e-05
5.031032955787600258e+02 8.529238795994500857e-05
5.031432955787599894e+02 8.577996880551203029e-05
5.031832955787600099e+02 8.627035476912870544e-05
5.032232955787599735e+02 8.676371150544812832e-05
5.032632955787599940e+02 8.726019081906686138e-05
5.033032955787600145e+02 8.775993285619495773e-05
5.033432955787599781e+02 8.826306791874748137e-05
5.033832955787599985e+02 8.876971797508029823e-05
5.034232955787600190e+02 8.927999792541024501e-05
5.034632955787599826e+02 8.979401666764525185e-05
5.035032955787600031e+02 9.031187799988598080e-05
5.035432955787600235e+02 9.083368138855933455e-05
5.035832955787599872e+02 9.135952262543257235e-05
5.036232955787600076e+02 9.188949439230162082e-05
5.036632955787599712e+02 9.242368674861796700e-05
5.037032955787599917e+02 9.296218755451711902e-05
5.037432955787600122e+02 9.350508283948591524e-05
5.037832955787599758e+02 9.405245712510312427e-05
5.038232955787599963e+02 9.460439370884665656e-05
5.038632955787600167e+02 9.516097491478554197e-05
5.039032955787599803e+02 9.572228231601534888e-05
5.039432955787600008e+02 9.628839693291954050e-05
5.039832955787600213e+02 9.685939941069008437e-05
5.040232955787599849e+02 9.743537017901091665e-05
5.040632955787600054e+02 9.801638959636950683e-05
5.041032955787600258e+02 9.860253808109753027e-05
5.041432955787599894e+02 9.919389623092832186e-05
5.041832955787600099e+02 9.979054493261303607e-05
5.042232955787599735e+02 1.003925654629157056e-04
5.042632955787599940e+02 1.010000395821284975e-04
5.043032955787600145e+02 1.016130496210920976e-04
5.043432955787599781e+02 1.022316785625850048e-04
5.043832955787599985e+02 1.028560101178231976e-04
5.044232955787600190e+02 1.034861287987244035e-04
5.044632955787599826e+02 1.041221199865110055e-04
5.045032955787600031e+02 1.047640699971530952e-04
5.045432955787600235e+02 1.054120661440987970e-04
5.045832955787599872e+02 1.060661967986789941e-04
5.046232955787600076e+02 1.067265514485452011e-04
5.046632955787599712e+02 1.073932207544408028e-04
5.047032955787599917e+02 1.080662966055955041e-04
5.047432955787600122e+02 1.087458721739842013e-04
5.047832955787599758e+02 1.094320419676818984e-04
5.048232955787599963e+02 1.101249018835169020e-04
5.048632955787600167e+02 1.108245492592066067e-04
5.049032955787599803e+02 1.115310829251494945e-04
5.049432955787600008e+02 1.122446032560252976e-04
5.049832955787600213e+02 1.129652122223506007e-04
5.050232955787599849e+02 1.136930134421189971e-04
5.050632955787600054e+02 1.144281122326559991e-04
5.051032955787600258e+02 1.151706156627967955e-04
5.051432955787599894e+02 1.159206326055052939e-04
5.051832955787600099e+02 1.166782737910324990e-04
5.052232955787599735e+02 1.174436518607121984e-04
5.052632955787599940e+02 1.182168814214977953e-04
5.053032955787600145e+02 1.189980791013180942e-04
5.053432955787599781e+02 1.197873636053517027e-04
5.053832955787599985e+02 1.205848557733015973e-04
5.054232955787600190e+02 1.213906786377539043e-04
5.054632955787599826e+02 1.222049574837063050e-04
5.055032955787600031e+02 1.230278199093453868e-04
5.055432955787600235e+02 1.238593958881577944e-04
5.055832955787599872e+02 1.246998178324544885e-04
5.056232955787600076e+02 1.255492206583904043e-04
5.056632955787599712e+02 1.264077418525626001e-04
5.057032955787599917e+02 1.272755215402691052e-04
5.057432955787600122e+02 1.281527025555149058e-04
5.057832955787599758e+02 1.290394305128429134e-04
5.058232955787599963e+02 1.299358538810913987e-04
5.058632955787600167e+02 1.308421240591535939e-04
5.059032955787599803e+02 1.317583954538322996e-04
5.059432955787600008e+02 1.326848255598985925e-04
5.059832955787600213e+02 1.336215750424255965e-04
5.060232955787599849e+02 1.345688078215202105e-04
5.060632955787600054e+02 1.355266911595402887e-04
5.061032955787600258e+02 1.364953957509127129e-04
5.061432955787599894e+02 1.374750958146522947e-04
5.061832955787600099e+02 1.384659691897080047e-04
5.062232955787599735e+02 1.394681974332405059e-04
5.062632955787599940e+02 1.404819659219661086e-04
5.063032955787600145e+02 1.415074639566864907e-04
5.063432955787599781e+02 1.425448848701404135e-04
5.063832955787599985e+02 1.435944261383124976e-04
5.064232955787600190e+02 1.446562894953498982e-04
5.064632955787599826e+02 1.457306810522295882e-04
5.065032955787600031e+02 1.468178114193337020e-04
5.065432955787600235e+02 1.479178958331057894e-04
5.065832955787599872e+02 1.490311542869465983e-04
5.066232955787600076e+02 1.501578116665406117e-04
5.066632955787599712e+02 1.512980978897868938e-04
5.067032955787599917e+02 1.524522480515482111e-04
5.067432955787600122e+02 1.536205025734045063e-04
5.067832955787599758e+02 1.548031073586448030e-04
5.068232955787599963e+02 1.560003139527096926e-04
5.068632955787600167e+02 1.572123797093276994e-04
5.069032955787599803e+02 1.584395679625933979e-04
5.069432955787600008e+02 1.596821482052500948e-04
5.069832955787600213e+02 1.609403962734489921e-04
5.070232955787599849e+02 1.622145945382730129e-04
5.070632955787600054e+02 1.635050321043349925e-04
5.071032955787600258e+02 1.648120050157599905e-04
5.071432955787599894e+02 1.661358164698979105e-04
5.071832955787600099e+02 1.674767770391132093e-04
5.072232955787599735e+02 1.688352049010266121e-04
5.072632955787599940e+02 1.702114260776042972e-04
5.073032955787600145e+02 1.716057746835086069e-04
5.073432955787599781e+02 1.730185931841414981e-04
5.073832955787599985e+02 1.744502326638546928e-04
5.074232955787600190e+02 1.759010531048040102e-04
5.074632955787599826e+02 1.773714236769633921e-04
5.075032955787600031e+02 1.788617230398548976e-04
5.075432955787600235e+02 1.803723396565537105e-04
5.075832955787599872e+02 1.819036721205934983e-04
5.076232955787600076e+02 1.834561294964048915e-04
5.076632955787599712e+02 1.850301316739812977e-04
5.077032955787599917e+02 1.866261097384942097e-04
5.077432955787600122e+02 1.882445063556164081e-04
5.077832955787599758e+02 1.898857761733839088e-04
5.078232955787599963e+02 1.915503862414562927e-04
5.078632955787600167e+02 1.932388164486847915e-04
5.079032955787599803e+02 1.949515599799829947e-04
5.079432955787600008e+02 1.966891237935297079e-04
5.079832955787600213e+02 1.984520291194042112e-04
5.080232955787599849e+02 2.002408119808429896e-04
5.080632955787600054e+02 2.020560237393656891e-04
5.081032955787600258e+02 2.038982316651076075e-04
5.081432955787599894e+02 2.057680195337861003e-04
5.081832955787600099e+02 2.076659882518205988e-04
5.082232955787599735e+02 2.095927565112353918e-04
5.082632955787599940e+02 2.115489614760826032e-04
5.083032955787600145e+02 2.135352595022410062e-04
5.083432955787599781e+02 2.155523268925821074e-04
5.083832955787599985e+02 2.176008606896375928e-04
5.084232955787600190e+02 2.196815795080405938e-04
5.084632955787599826e+02 2.217952244092083111e-04
5.085032955787600031e+02 2.239425598208768077e-04
5.085432955787600235e+02 2.261243745043257903e-04
5.085832955787599872e+02 2.283414825723287104e-04
5.086232955787600076e+02 2.305947245610874877e-04
5.086632955787599712e+02 2.328849685596857033e-04
5.087032955787599917e+02 2.352131114008409031e-04
5.087432955787600122e+02 2.375800799170538896e-04
5.087832955787599758e+02 2.399868322665732066e-04
5.088232955787599963e+02 2.424343593339466074e-04
5.088632955787600167e+02 2.449236862103245922e-04
5.089032955787599803e+02 2.474558737591073254e-04
5.089432955787600008e+02 2.500320202729941878e-04
5.089832955787600213e+02 2.526532632289991802e-04
5.090232955787599849e+02 2.553207811485858265e-04
5.090632955787600054e+02 2.580357955706596897e-04
5.091032955787600258e+02 2.607995731458722147e-04
5.091432955787599894e+02 2.636134278614071097e-04
5.091832955787600099e+02 2.664787234063133192e-04
5.092232955787599735e+02 2.693968756882723090e-04
5.092632955787599940e+02 2.723693555138112141e-04
5.093032955787600145e+02 2.753976914450140170e-04
5.093432955787599781e+02 2.784834728470789254e-04
5.093832955787599985e+02 2.816283531424455919e-04
5.094232955787600190e+02 2.848340532887680149e-04
5.094632955787599826e+02 2.881023654997087193e-04
5.095032955787600031e+02 2.914351572294890760e-04
5.095432955787600235e+02 2.948343754442454118e-04
5.095832955787599872e+02 2.983020512056542097e-04
5.096232955787600076e+02 3.018403045949967912e-04
5.096632955787599712e+02 3.054513500088528876e-04
5.097032955787599917e+02 3.091375018610036736e-04
5.097432955787600122e+02 3.129011807289985847e-04
5.097832955787599758e+02 3.167449199881402903e-04
5.098232955787599963e+02 3.206713729805638264e-04
5.098632955787600167e+02 3.246833207726463819e-04
5.099032955787599803e+02 3.287836805602765088e-04
5.099432955787600008e+02 3.329755147887213107e-04
5.099832955787600213e+02 3.372620410620028757e-04
5.100232955787599849e+02 3.416466429260761758e-04
5.100632955787600054e+02 3.461328816208298059e-04
5.101032955787600258e+02 3.507245089082571270e-04
5.101432955787599894e+02 3.554254810983491805e-04
5.101832955787600099e+02 3.602399744106426051e-04
5.102232955787599735e+02 3.651724018283672175e-04
5.102632955787599940e+02 3.702274316241210925e-04
5.103032955787600145e+02 3.754100077617427041e-04
5.103432955787599781e+02 3.807253724089905249e-04
5.103832955787599985e+02 3.861790908308231182e-04
5.104232955787600190e+02 3.917770789744578867e-04
5.104632955787599826e+02 3.975256341062495232e-04
5.105032955787600031e+02 4.034314689183361204e-04
5.105432955787600235e+02 4.095017495920122083e-04
5.105832955787599872e+02 4.157441383872920865e-04
5.106232955787600076e+02 4.221668414272290769e-04
5.106632955787599712e+02 4.287786624653577914e-04
5.107032955787599917e+02 4.355890635700607888e-04
5.107432955787600122e+02 4.426082338372973866e-04
5.107832955787599758e+02 4.498471674616293797e-04
5.108232955787599963e+02 4.573177527657720245e-04
5.108632955787600167e+02 4.650328741260784755e-04
5.109032955787599803e+02 4.730065291550096225e-04
5.109432955787600008e+02 4.812539640387593115e-04
5.109832955787600213e+02 4.897918306154704473e-04
5.110232955787599849e+02 4.986383696677912022e-04
5.110632955787600054e+02 5.078136260644390857e-04
5.111032955787600258e+02 5.173397029207167652e-04
5.111432955787599894e+02 5.272410640047738278e-04
5.111832955787600099e+02 5.375448964106317468e-04
5.112232955787599735e+02 5.482815493728886158e-04
5.112632955787599940e+02 5.594850705003846921e-04
5.113032955787600145e+02 5.711938684128176806e-04
5.113432955787599781e+02 5.834515419653245284e-04
5.113832955787599985e+02 5.963079328534142201e-04
5.114232955787600190e+02 6.098204835378368991e-04
5.114632955787599826e+02 6.240560213608664208e-04
5.115032955787600031e+02 6.390931514052907315e-04
5.115432955787600235e+02 6.550255407093747871e-04
5.115832955787599872e+02 6.719665426838636367e-04
5.116232955787600076e+02 6.900558931159931275e-04
5.116632955787599712e+02 7.094696990410599615e-04
5.117032955787599917e+02 7.304358023821724052e-04
5.117432955787600122e+02 7.532581080089920805e-04
5.117832955787599758e+02 7.783559984115673942e-04
5.118232955787599963e+02 8.063285618895941337e-04
5.118632955787600167e+02 8.380550964030598904e-04
5.119032955787599803e+02 8.748243882810381386e-04
5.119432955787600008e+02 9.183586716028801665e-04
5.119832955787600213e+02 9.700805483432712976e-04
5.120232955787599849e+02 1.027954050277516936e-03
5.120632955787599485e+02 1.081821678635831079e-03
5.121032955787600258e+02 1.120940124934159980e-03
5.121432955787599894e+02 1.151768064099211028e-03
5.121832955787599531e+02 1.188562879128281019e-03
5.122232955787600304e+02 1.238872401472550103e-03
5.122632955787599940e+02 1.304868039215358001e-03
5.123032955787599576e+02 1.388114506017565060e-03
5.123432955787600349e+02 1.491534584674090048e-03
5.123832955787599985e+02 1.620172624736194002e-03
5.124232955787599622e+02 1.782006056835239898e-03
5.124632955787600395e+02 1.989338723288795827e-03
5.125032955787600031e+02 2.261226768856810978e-03
5.125432955787599667e+02 2.627565033568004822e-03
5.125832955787600440e+02 3.135483593667649869e-03
5.126232955787600076e+02 3.857022845480099875e-03
5.126632955787599712e+02 4.887222542658029717e-03
5.127032955787600486e+02 6.286677255035870091e-03
5.127432955787600122e+02 7.880397613728136810e-03
5.127832955787599758e+02 9.066828588167076541e-03
5.128232955787600531e+02 9.327011030180933776e-03
5.128632955787600167e+02 9.009631915840782268e-03
5.129032955787599803e+02 8.714965420727036408e-03
5.129432955787599440e+02 8.487423274749104560e-03
5.129832955787600213e+02 7.998980534217575711e-03
5.130232955787599849e+02 7.241828349439439691e-03
5.130632955787599485e+02 6.510183942163915577e-03
5.131032955787600258e+02 6.084435197618020055e-03
5.131432955787599894e+02 6.112061795647842979e-03
5.131832955787599531e+02 6.646993877839448180e-03
5.132232955787600304e+02 7.659632785336998109e-03
5.132632955787599940e+02 8.863614457464471380e-03
5.133032955787599576e+02 9.503115842048904041e-03
5.133432955787600349e+02 8.925414837543296440e-03
5.133832955787599985e+02 7.604712527991317784e-03
5.134232955787599622e+02 6.352362762762813267e-03
5.134632955787600395e+02 5.467815778831206994e-03
5.135032955787600031e+02 4.905726860845847741e-03
5.135432955787599667e+02 4.596269021814386284e-03
5.135832955787600440e+02 4.511201117665406338e-03
5.136232955787600076e+02 4.612694776146265829e-03
5.136632955787599712e+02 4.851180105966470049e-03
5.137032955787600486e+02 5.201059421439781574e-03
5.137432955787600122e+02 5.613535128607046246e-03
5.137832955787599758e+02 5.966955706378882819e-03
5.138232955787600531e+02 6.127327381214795095e-03
5.138632955787600167e+02 6.075848734395166220e-03
5.139032955787599803e+02 5.886022881791467404e-03
5.139432955787599440e+02 5.638832748127722838e-03
5.139832955787600213e+02 5.457693841054513800e-03
5.140232955787599849e+02 5.434482483646658341e-03
5.140632955787599485e+02 5.613223492443887401e-03
5.141032955787600258e+02 6.023498846373455222e-03
5.141432955787599894e+02 6.604016489464598072e-03
5.141832955787599531e+02 7.153779057719152241e-03
5.142232955787600304e+02 7.544398014136681312e-03
5.142632955787599940e+02 7.904613840889217202e-03
5.143032955787599576e+02 8.355548801606603113e-03
5.143432955787600349e+02 8.960768439160016544e-03
5.143832955787599985e+02 9.760982497762762944e-03
5.144232955787599622e+02 1.061470953553973057e-02
5.144632955787600395e+02 1.127550520942659923e-02
5.145032955787600031e+02 1.186425205158407950e-02
5.145432955787599667e+02 1.273129752215406037e-02
5.145832955787600440e+02 1.396728536178620979e-02
5.146232955787600076e+02 1.534932185639436945e-02
5.146632955787599712e+02 1.673079755778442146e-02
5.147032955787600486e+02 1.835505599863944057e-02
5.147432955787600122e+02 2.042931912450483833e-02
5.147832955787599758e+02 2.278748667202394954e-02
5.148232955787600531e+02 2.546964826590854963e-02
5.148632955787600167e+02 2.922766919633754124e-02
5.149032955787599803e+02 3.439604846286851980e-02
5.149432955787599440e+02 3.953194101152802259e-02
5.149832955787600213e+02 4.179535131219402899e-02
5.150232955787599849e+02 3.995651665337524722e-02
5.150632955787599485e+02 3.550533000052787103e-02
5.151032955787600258e+02 3.045376683429113981e-02
5.151432955787599894e+02 2.627168579500673007e-02
5.151832955787599531e+02 2.357609708533379977e-02
5.152232955787600304e+02 2.239300400031783017e-02
5.152632955787599940e+02 2.243197494544614881e-02
5.153032955787599576e+02 2.316189687908450090e-02
5.153432955787600349e+02 2.404057991391736829e-02
5.153832955787599985e+02 2.472968440994596090e-02
5.154232955787599622e+02 2.537956960086788089e-02
5.154632955787600395e+02 2.666845426413974943e-02
5.155032955787600031e+02 2.914220738713544853e-02
5.155432955787599667e+02 3.301933261155073213e-02
5.155832955787600440e+02 3.836127456716120765e-02
5.156232955787600076e+02 4.459782243390245787e-02
5.156632955787599712e+02 4.960735138194508065e-02
5.157032955787600486e+02 5.120329867362478221e-02
5.157432955787600122e+02 5.038634774642204717e-02
5.157832955787599758e+02 4.975230784202207962e-02
5.158232955787600531e+02 5.036951660232080047e-02
5.158632955787600167e+02 5.241564496050273719e-02
5.159032955787599803e+02 5.693735700366910762e-02
5.159432955787599440e+02 6.542490110471778364e-02
5.159832955787600213e+02 7.867952517004814239e-02
5.160232955787600986e+02 9.577632258196421000e-02
5.160632955787600622e+02 1.139459847923001978e-01
5.161032955787601395e+02 1.301265174246518941e-01
5.161432955787601031e+02 1.410528847372395089e-01
5.161832955787600667e+02 1.455514365916188990e-01
5.162232955787601441e+02 1.475885156871213910e-01
5.162632955787601077e+02 1.512769459531453087e-01
5.163032955787600713e+02 1.592945725288847092e-01
5.163432955787601486e+02 1.698123798829992981e-01
5.163832955787601122e+02 1.759399780240933076e-01
5.164232955787600758e+02 1.726269845277980941e-01
5.164632955787601531e+02 1.602728062245857010e-01
5.165032955787601168e+02 1.433709843644691007e-01
5.165432955787600804e+02 1.263312711342745864e-01
5.165832955787600440e+02 1.129230579305631060e-01
5.166232955787601213e+02 1.042317323082353059e-01
5.166632955787600849e+02 9.926839959522240631e-02
5.167032955787600486e+02 9.676810097244177566e-02
5.167432955787601259e+02 9.483456863754563537e-02
5.167832955787600895e+02 9.167381293061423186e-02
5.168232955787600531e+02 8.603583742198483986e-02
5.168632955787601304e+02 7.896560123018879496e-02
5.169032955787600940e+02 7.296351749809544540e-02
5.169432955787600577e+02 6.986674395833429585e-02
5.169832955787601350e+02 7.056085272891472748e-02
5.170232955787600986e+02 7.488514965693987557e-02
5.170632955787600622e+02 8.003990538132076116e-02
5.171032955787601395e+02 8.128306887892118582e-02
5.171432955787601031e+02 7.824220461250638858e-02
5.171832955787600667e+02 7.478365115368247606e-02
5.172232955787601441e+02 7.203636357692905223e-02
5.172632955787601077e+02 6.821790632912230756e-02
5.173032955787600713e+02 6.255179915337896746e-02
5.173432955787601486e+02 5.493597243059501756e-02
5.173832955787601122e+02 4.641605621451930230e-02
5.174232955787600758e+02 3.914247664899928036e-02
5.174632955787601531e+02 3.434624592574086338e-02
5.175032955787601168e+02 3.209353644526444921e-02
5.175432955787600804e+02 3.200728133963331307e-02
5.175832955787600440e+02 3.330084352577682844e-02
5.176232955787601213e+02 3.434227066840179338e-02
5.176632955787600849e+02 3.326447698867363023e-02
5.177032955787600486e+02 2.992666893583325119e-02
5.177432955787601259e+02 2.629095217795507020e-02
5.177832955787600895e+02 2.388848654285061907e-02
5.178232955787600531e+02 2.288831848059662971e-02
5.178632955787601304e+02 2.264247611339758118e-02
5.179032955787600940e+02 2.232657136383665863e-02
5.179432955787600577e+02 2.168339816032735859e-02
5.179832955787601350e+02 2.109129182235205957e-02
5.180232955787599849e+02 2.116953371466672937e-02
5.180632955787599485e+02 2.208390961075105963e-02
5.181032955787600258e+02 2.353140471507933137e-02
5.181432955787599894e+02 2.519818885743085879e-02
5.181832955787599531e+02 2.684525512520640964e-02
5.182232955787600304e+02 2.826515525571490078e-02
5.182632955787599940e+02 2.928378186058941055e-02
5.183032955787599576e+02 2.992172019939111013e-02
5.183432955787600349e+02 3.021449772995788915e-02
5.183832955787599985e+02 2.964531803768878995e-02
5.184232955787599622e+02 2.831590727988534881e-02
5.184632955787600395e+02 2.729379225701851139e-02
5.185032955787600031e+02 2.708389142831003904e-02
5.185432955787599667e+02 2.696531929496333996e-02
5.185832955787600440e+02 2.629299582641663954e-02
5.186232955787600076e+02 2.562238896007924122e-02
5.186632955787599712e+02 2.501315268232947100e-02
5.187032955787600486e+02 2.396131226525704053e-02
5.187432955787600122e+02 2.299648382364475122e-02
5.187832955787599758e+02 2.264109556478853882e-02
5.188232955787600531e+02 2.209025810785672159e-02
5.188632955787600167e+02 2.024422751397531028e-02
5.189032955787599803e+02 1.756748156308664960e-02
5.189432955787599440e+02 1.521110447831714937e-02
5.189832955787600213e+02 1.370849918139534045e-02
5.190232955787599849e+02 1.306955238382224993e-02
5.190632955787599485e+02 1.318258772212725985e-02
5.191032955787600258e+02 1.403347530066310044e-02
5.191432955787599894e+02 1.565600250469836863e-02
5.191832955787599531e+02 1.785624871479513098e-02
5.192232955787600304e+02 2.011280673100777905e-02
5.192632955787599940e+02 2.184102563279853929e-02
5.193032955787599576e+02 2.272159740580406012e-02
5.193432955787600349e+02 2.238705451676913094e-02
5.193832955787599985e+02 2.037453313264716084e-02
5.194232955787599622e+02 1.740723160523674831e-02
5.194632955787600395e+02 1.479836108909493055e-02
5.195032955787600031e+02 1.311865538807354022e-02
5.195432955787599667e+02 1.232195148457440950e-02
5.195832955787600440e+02 1.227749169208437914e-02
5.196232955787600076e+02 1.288699134209617993e-02
5.196632955787599712e+02 1.394156095202441978e-02
5.197032955787600486e+02 1.523301635021499963e-02
5.197432955787600122e+02 1.679900504101030853e-02
5.197832955787599758e+02 1.847894736733975141e-02
5.198232955787600531e+02 2.003710405502436009e-02
5.198632955787600167e+02 2.209611826196074963e-02
5.199032955787599803e+02 2.542535134924570062e-02
5.199432955787599440e+02 2.947653810300579838e-02
5.199832955787600213e+02 3.192207712964163085e-02
5.200232955787599849e+02 3.051732192832670026e-02
5.200632955787599485e+02 2.599861734793912013e-02
5.201032955787600258e+02 2.117797046336093031e-02
5.201432955787599894e+02 1.766661177534590080e-02
5.201832955787599531e+02 1.561459504767304975e-02
5.202232955787600304e+02 1.476265246919204917e-02
5.202632955787599940e+02 1.485622717845089084e-02
5.203032955787599576e+02 1.573259517827465051e-02
5.203432955787600349e+02 1.725248068647521060e-02
5.203832955787599985e+02 1.907998760479086980e-02
5.204232955787599622e+02 2.070083411505607013e-02
5.204632955787600395e+02 2.133711165994347028e-02
5.205032955787600031e+02 2.049246613441271098e-02
5.205432955787599667e+02 1.911968061264616991e-02
5.205832955787600440e+02 1.839808310523407056e-02
5.206232955787600076e+02 1.876654464383083892e-02
5.206632955787599712e+02 2.035323306878634997e-02
5.207032955787600486e+02 2.325074976280960132e-02
5.207432955787600122e+02 2.687079811219722850e-02
5.207832955787599758e+02 2.946289946804922857e-02
5.208232955787600531e+02 2.988909838269140917e-02
5.208632955787600167e+02 2.954578458892185081e-02
5.209032955787599803e+02 3.015560536927728089e-02
5.209432955787599440e+02 3.252163061387371851e-02
5.209832955787600213e+02 3.643218342548298905e-02
5.210232955787599849e+02 3.995009238152520681e-02
5.210632955787599485e+02 4.056474350837614012e-02
5.211032955787600258e+02 3.820737925714397243e-02
5.211432955787599894e+02 3.496486903505249821e-02
5.211832955787599531e+02 3.282671797383075046e-02
5.212232955787600304e+02 3.219036292121642273e-02
5.212632955787599940e+02 3.234850376162418106e-02
5.213032955787599576e+02 3.189402846986202217e-02
5.213432955787600349e+02 2.971829678532956001e-02
5.213832955787599985e+02 2.681753072864978896e-02
5.214232955787599622e+02 2.474197622608352923e-02
5.214632955787600395e+02 2.415207961853637134e-02
5.215032955787600031e+02 2.485904690556747093e-02
5.215432955787599667e+02 2.642087404478406926e-02
5.215832955787600440e+02 2.874421799847709860e-02
5.216232955787600076e+02 3.167973128833934809e-02
5.216632955787599712e+02 3.452701105411935811e-02
5.217032955787600486e+02 3.604860325930781678e-02
5.217432955787600122e+02 3.527799667837291236e-02
5.217832955787599758e+02 3.338657035526262917e-02
5.218232955787600531e+02 3.249182710080229797e-02
5.218632955787600167e+02 3.326468799527503711e-02
5.219032955787599803e+02 3.480656862790029032e-02
5.219432955787599440e+02 3.569420834796657727e-02
5.219832955787600213e+02 3.506474861753282324e-02
5.220232955787599849e+02 3.352229313875083189e-02
5.220632955787599485e+02 3.284491875268791272e-02
5.221032955787600258e+02 3.354762691022550314e-02
5.221432955787599894e+02 3.551795358517471912e-02
5.221832955787599531e+02 3.901634625903673687e-02
5.222232955787600304e+02 4.462911579596170325e-02
5.222632955787599940e+02 5.288600303319176271e-02
5.223032955787599576e+02 6.405758103429411154e-02
5.223432955787600349e+02 7.772426129680913565e-02
5.223832955787599985e+02 9.118661055047379282e-02
5.224232955787599622e+02 9.945500221139812191e-02
5.224632955787600395e+02 9.892909408410466288e-02
5.225032955787600031e+02 9.133739619208076921e-02
5.225432955787599667e+02 8.272815765900358442e-02
5.225832955787600440e+02 7.695549765749352955e-02
5.226232955787600076e+02 7.425616621589757604e-02
5.226632955787599712e+02 7.374858777066177484e-02
5.227032955787600486e+02 7.449302557179579565e-02
5.227432955787600122e+02 7.540491049489619901e-02
5.227832955787599758e+02 7.494650224921108050e-02
5.228232955787600531e+02 7.150060009950785778e-02
5.228632955787600167e+02 6.576380211105060936e-02
5.229032955787599803e+02 5.988686644278289062e-02
5.229432955787599440e+02 5.519019794919328287e-02
5.229832955787600213e+02 5.255412763030750667e-02
5.230232955787599849e+02 5.231881176971261288e-02
5.230632955787599485e+02 5.375856703942411691e-02
5.231032955787600258e+02 5.561937101889347784e-02
5.231432955787599894e+02 5.726129050073584803e-02
5.231832955787599531e+02 5.873857340013401152e-02
5.232232955787600304e+02 6.038738599779602118e-02
5.232632955787599940e+02 6.129873050612708041e-02
5.233032955787599576e+02 5.927334396622573748e-02
5.233432955787600349e+02 5.435094052207215670e-02
5.233832955787599985e+02 4.941212782226128003e-02
5.234232955787599622e+02 4.667840385948634346e-02
5.234632955787600395e+02 4.672020019086516041e-02
5.235032955787600031e+02 4.943527679735341268e-02
5.235432955787599667e+02 5.441457344339106078e-02
5.235832955787600440e+02 6.101337759406943312e-02
5.236232955787600076e+02 6.931416391422962064e-02
5.236632955787599712e+02 8.013348757956645363e-02
5.237032955787600486e+02 9.234462694674584748e-02
5.237432955787600122e+02 1.016286424502833019e-01
5.237832955787599758e+02 1.034405774412396062e-01
5.238232955787600531e+02 9.759229179246070585e-02
5.238632955787600167e+02 8.844881827022367526e-02
5.239032955787599803e+02 8.074597079128204014e-02
5.239432955787599440e+02 7.636606800041351173e-02
5.239832955787600213e+02 7.480052146817339764e-02
5.240232955787599849e+02 7.453994458557916536e-02
5.240632955787599485e+02 7.412968094758370929e-02
5.241032955787600258e+02 7.425702039665789400e-02
5.241432955787599894e+02 7.670280019517289327e-02
5.241832955787599531e+02 8.116404259844822722e-02
5.242232955787600304e+02 8.571571259100811691e-02
5.242632955787599940e+02 8.927325669226557348e-02
5.243032955787599576e+02 9.008495449721019843e-02
5.243432955787600349e+02 8.503688515602986220e-02
5.243832955787599985e+02 7.497237578926080337e-02
5.244232955787599622e+02 6.467488005261338990e-02
5.244632955787600395e+02 5.718204920080739717e-02
5.245032955787600031e+02 5.221749076055914179e-02
5.245432955787599667e+02 4.825152430267923287e-02
5.245832955787600440e+02 4.394149947831615249e-02
5.246232955787600076e+02 3.850029705519054934e-02
5.246632955787599712e+02 3.257063496128710656e-02
5.247032955787600486e+02 2.741240369750429923e-02
5.247432955787600122e+02 2.357096015325371025e-02
5.247832955787599758e+02 2.091405526129087866e-02
5.248232955787600531e+02 1.901871350181801035e-02
5.248632955787600167e+02 1.730416763722165963e-02
5.249032955787599803e+02 1.542250760063402018e-02
5.249432955787599440e+02 1.356849857405718028e-02
5.249832955787600213e+02 1.202471409668436075e-02
5.250232955787599849e+02 1.085860046155236007e-02
5.250632955787599485e+02 1.003197390177944931e-02
5.251032955787600258e+02 9.508542307921126133e-03
5.251432955787599894e+02 9.259847626514251806e-03
5.251832955787599531e+02 9.270256170402542059e-03
5.252232955787600304e+02 9.470169099838939702e-03
5.252632955787599940e+02 9.678462740935088113e-03
5.253032955787599576e+02 9.743111102729497264e-03
5.253432955787600349e+02 9.677435782374609399e-03
5.253832955787599985e+02 9.629882579111466445e-03
5.254232955787599622e+02 9.841369813273900466e-03
5.254632955787600395e+02 1.044180725867309943e-02
5.255032955787600031e+02 1.121164156514407005e-02
5.255432955787599667e+02 1.151853065209228026e-02
5.255832955787600440e+02 1.086045617443229076e-02
5.256232955787600076e+02 9.505322482656812164e-03
5.256632955787599712e+02 8.044485472727399417e-03
5.257032955787600486e+02 6.778958249306481568e-03
5.257432955787600122e+02 5.776292832727542882e-03
5.257832955787599758e+02 5.034539346511397034e-03
5.258232955787600531e+02 4.509245376364856214e-03
5.258632955787600167e+02 4.132488154814905820e-03
5.259032955787599803e+02 3.851415160271114049e-03
5.259432955787599440e+02 3.651192791235837853e-03
5.259832955787600213e+02 3.523061546678214924e-03
5.260232955787599849e+02 3.437374616319255165e-03
5.260632955787599485e+02 3.355445715535321834e-03
5.261032955787600258e+02 3.235594613720782151e-03
5.261432955787599894e+02 3.042064583587585948e-03
5.261832955787599531e+02 2.793491714913999904e-03
5.262232955787600304e+02 2.551167406322731122e-03
5.262632955787599940e+02 2.353845522835862087e-03
5.263032955787599576e+02 2.206635268273483049e-03
5.263432955787600349e+02 2.102630274701076853e-03
5.263832955787599985e+02 2.035226163895721002e-03
5.264232955787599622e+02 2.000720962968304158e-03
5.264632955787600395e+02 1.997383005446684047e-03
5.265032955787600031e+02 2.026162748235681068e-03
5.265432955787599667e+02 2.094739283895267947e-03
5.265832955787600440e+02 2.213072652621392213e-03
5.266232955787600076e+02 2.371501885332185852e-03
5.266632955787599712e+02 2.525343531240285041e-03
5.267032955787600486e+02 2.632327003875729876e-03
5.267432955787600122e+02 2.698720191435394818e-03
5.267832955787599758e+02 2.736690051892354952e-03
5.268232955787600531e+02 2.729337054754778918e-03
5.268632955787600167e+02 2.651524649116792157e-03
5.269032955787599803e+02 2.490918473852876160e-03
5.269432955787599440e+02 2.247498275359494004e-03
5.269832955787600213e+02 1.976462657444970870e-03
5.270232955787599849e+02 1.740796016884482928e-03
5.270632955787599485e+02 1.561125400998238967e-03
5.271032955787600258e+02 1.430316981442614948e-03
5.271432955787599894e+02 1.335789767403649944e-03
5.271832955787599531e+02 1.267503692066252949e-03
5.272232955787600304e+02 1.218867690633817060e-03
5.272632955787599940e+02 1.186030941158383893e-03
5.273032955787599576e+02 1.167200651117125025e-03
5.273432955787600349e+02 1.162286983751331920e-03
5.273832955787599985e+02 1.172874694669758097e-03
5.274232955787599622e+02 1.202466165339621026e-03
5.274632955787600395e+02 1.256878000779902953e-03
5.275032955787600031e+02 1.344710392183724994e-03
5.275432955787599667e+02 1.477903424624126905e-03
5.275832955787600440e+02 1.667965662012523996e-03
5.276232955787600076e+02 1.902806342652083081e-03
5.276632955787599712e+02 2.102403228518880118e-03
5.277032955787600486e+02 2.141693441528245024e-03
5.277432955787600122e+02 2.001686210782247042e-03
5.277832955787599758e+02 1.804180178824535971e-03
5.278232955787600531e+02 1.653757919949118025e-03
5.278632955787600167e+02 1.581146578310495916e-03
5.279032955787599803e+02 1.587527388558526101e-03
5.279432955787599440e+02 1.677185475882800054e-03
5.279832955787600213e+02 1.861342350956040909e-03
5.280232955787599849e+02 2.134651677981165129e-03
5.280632955787599485e+02 2.419320271915860899e-03
5.281032955787600258e+02 2.543060067546351957e-03
5.281432955787599894e+02 2.402126328921211969e-03
5.281832955787599531e+02 2.115451201128334870e-03
5.282232955787600304e+02 1.832392876463032972e-03
5.282632955787599940e+02 1.596442097879971923e-03
5.283032955787599576e+02 1.405656973228709998e-03
5.283432955787600349e+02 1.257088997310115957e-03
5.283832955787599985e+02 1.139432615310058015e-03
5.284232955787599622e+02 1.040625442651476988e-03
5.284632955787600395e+02 9.582947338060733566e-04
5.285032955787600031e+02 8.946704662303590861e-04
5.285432955787599667e+02 8.501735976402358770e-04
5.285832955787600440e+02 8.228263131900692825e-04
5.286232955787600076e+02 8.101211604394176289e-04
5.286632955787599712e+02 8.104138938208953983e-04
5.287032955787600486e+02 8.228736125388324890e-04
5.287432955787600122e+02 8.468604540808778855e-04
5.287832955787599758e+02 8.839241081673555140e-04
5.288232955787600531e+02 9.416023386765405220e-04
5.288632955787600167e+02 1.033466563813861079e-03
5.289032955787599803e+02 1.177004117497553078e-03
5.289432955787599440e+02 1.392249298066284028e-03
5.289832955787600213e+02 1.690440027155298928e-03
5.290232955787599849e+02 2.031132414348399938e-03
5.290632955787599485e+02 2.263622202995239831e-03
5.291032955787600258e+02 2.216827066080994182e-03
5.291432955787599894e+02 1.930212983474283942e-03
5.291832955787599531e+02 1.592136899268348010e-03
5.292232955787600304e+02 1.322025293644263962e-03
5.292632955787599940e+02 1.141939277862267068e-03
5.293032955787599576e+02 1.037685893393792969e-03
5.293432955787600349e+02 9.855729119164875155e-04
5.293832955787599985e+02 9.498723383693475578e-04
5.294232955787599622e+02 8.914027767884292758e-04
5.294632955787600395e+02 8.030731501021031241e-04
5.295032955787600031e+02 7.101582728573044723e-04
5.295432955787599667e+02 6.322148083606713440e-04
5.295832955787600440e+02 5.723702864346230873e-04
5.296232955787600076e+02 5.270742757674054275e-04
5.296632955787599712e+02 4.922300588170360619e-04
5.297032955787600486e+02 4.647317306072308758e-04
5.297432955787600122e+02 4.424510937720378873e-04
5.297832955787599758e+02 4.239572814754049754e-04
5.298232955787600531e+02 4.082789704083746789e-04
5.298632955787600167e+02 3.947436339798469983e-04
5.299032955787599803e+02 3.828749818635020230e-04
5.299432955787599440e+02 3.723280450751316733e-04
5.299832955787600213e+02 3.628476453467003042e-04
5.300232955787599849e+02 3.542413410284689043e-04
5.300632955787599485e+02 3.463614378323167883e-04
5.301032955787600258e+02 3.390927757524842077e-04
5.301432955787599894e+02 3.323442695788759202e-04
5.301832955787599531e+02 3.260429378140436191e-04
5.302232955787600304e+02 3.201296135487601891e-04
5.302632955787599940e+02 3.145558133237324181e-04
5.303032955787599576e+02 3.092814171096709762e-04
5.303432955787600349e+02 3.042729256385087841e-04
5.303832955787599985e+02 2.995021348587582140e-04
5.304232955787599622e+02 2.949451159407352188e-04
5.304632955787600395e+02 2.905814219789977938e-04
5.305032955787600031e+02 2.863934648908757078e-04
5.305432955787599667e+02 2.823660215022257133e-04
5.305832955787600440e+02 2.784858386975108831e-04
5.306232955787600076e+02 2.747413152592504044e-04
5.306632955787599712e+02 2.711222436029080249e-04
5.307032955787600486e+02 2.676195986789905784e-04
5.307432955787600122e+02 2.642253643072496085e-04
5.307832955787599758e+02 2.609323894333032199e-04
5.308232955787600531e+02 2.577342684681062758e-04
5.308632955787600167e+02 2.546252411349815797e-04
5.309032955787599803e+02 2.516001082140207961e-04
5.309432955787599440e+02 2.486541603159700886e-04
5.309832955787600213e+02 2.457831173929935073e-04
5.310232955787599849e+02 2.429830771425646083e-04
5.310632955787599485e+02 2.402504708132556087e-04
5.311032955787600258e+02 2.375820251998329868e-04
5.311432955787599894e+02 2.349747298365599925e-04
5.311832955787599531e+02 2.324258085746977009e-04
5.312232955787600304e+02 2.299326948725306026e-04
5.312632955787599940e+02 2.274930102412097072e-04
5.313032955787599576e+02 2.251045453830880882e-04
5.313432955787600349e+02 2.227652436353087990e-04
5.313832955787599985e+02 2.204731863938039031e-04
5.314232955787599622e+02 2.182265802441482963e-04
5.314632955787600395e+02 2.160237455681024020e-04
5.315032955787600031e+02 2.138631064298173877e-04
5.315432955787599667e+02 2.117431815749313011e-04
5.315832955787600440e+02 2.096625764002252106e-04
5.316232955787600076e+02 2.076199757719851091e-04
5.316632955787599712e+02 2.056141375884620133e-04
5.317032955787600486e+02 2.036438869963318134e-04
5.317432955787600122e+02 2.017081111834068965e-04
5.317832955787599758e+02 1.998057546802396896e-04
5.318232955787600531e+02 1.979358151122113105e-04
5.318632955787600167e+02 1.960973393512416903e-04
5.319032955787599803e+02 1.942894200227952947e-04
5.319432955787599440e+02 1.925111923294089099e-04
5.319832955787600213e+02 1.907618311567856073e-04
5.320232955787599849e+02 1.890405484326326065e-04
5.320632955787599485e+02 1.873465907119985945e-04
5.321032955787600258e+02 1.856792369659804028e-04
5.321432955787599894e+02 1.840377965533464082e-04
5.321832955787599531e+02 1.824216073569895108e-04
5.322232955787600304e+02 1.808300340691492911e-04
5.322632955787599940e+02 1.792624666111488003e-04
5.323032955787599576e+02 1.777183186749458016e-04
5.323432955787600349e+02 1.761970263751761931e-04
5.323832955787599985e+02 1.746980470015818937e-04
5.324232955787599622e+02 1.732208578627662007e-04
5.324632955787600395e+02 1.717649552131754074e-04
5.325032955787600031e+02 1.703298532560224119e-04
5.325432955787599667e+02 1.689150832156085082e-04
5.325832955787600440e+02 1.675201924731540008e-04
5.326232955787600076e+02 1.661447437608178134e-04
5.326632955787599712e+02 1.647883144091174970e-04
5.327032955787600486e+02 1.634504956433988976e-04
5.327432955787600122e+02 1.621308919254392891e-04
5.327832955787599758e+02 1.608291203366064034e-04
5.328232955787600531e+02 1.595448099993536037e-04
5.328632955787600167e+02 1.582776015340963945e-04
5.329032955787599803e+02 1.570271465488003973e-04
5.329432955787599440e+02 1.557931071588384067e-04
5.329832955787600213e+02 1.545751555348871917e-04
5.330232955787599849e+02 1.533729734768339006e-04
5.330632955787599485e+02 1.521862520118226882e-04
5.331032955787600258e+02 1.510146910147464961e-04
5.331432955787599894e+02 1.498579988496118122e-04
5.331832955787599531e+02 1.487158920303481081e-04
5.332232955787600304e+02 1.475880948997419112e-04
5.332632955787599940e+02 1.464743393252781968e-04
5.333032955787599576e+02 1.453743644107855990e-04
5.333432955787600349e+02 1.442879162228359049e-04
5.333832955787599985e+02 1.432147475309717083e-04
5.334232955787599622e+02 1.421546175608637969e-04
5.334632955787600395e+02 1.411072917596037975e-04
5.335032955787600031e+02 1.400725415723711874e-04
5.335432955787599667e+02 1.390501442297851977e-04
5.335832955787600440e+02 1.380398825452952918e-04
5.336232955787600076e+02 1.370415447220127945e-04
5.336632955787599712e+02 1.360549241684292114e-04
5.337032955787600486e+02 1.350798193225016071e-04
5.337432955787600122e+02 1.341160334836317080e-04
5.337832955787599758e+02 1.331633746520821974e-04
5.338232955787600531e+02 1.322216553754234118e-04
5.338632955787600167e+02 1.312906926016132938e-04
5.339032955787599803e+02 1.303703075383514070e-04
5.339432955787599440e+02 1.294603255183721015e-04
5.339832955787600213e+02 1.285605758703488050e-04
5.340232955787599849e+02 1.276708917951274930e-04
5.340632955787599485e+02 1.267911102469976878e-04
5.341032955787600258e+02 1.259210718197525947e-04
5.341432955787599894e+02 1.250606206372842941e-04
5.341832955787599531e+02 1.242096042484940033e-04
5.342232955787600304e+02 1.233678735262968011e-04
5.342632955787599940e+02 1.225352825705202102e-04
5.343032955787599576e+02 1.217116886145079048e-04
5.343432955787600349e+02 1.208969519352485935e-04
5.343832955787599985e+02 1.200909357668622968e-04
5.344232955787599622e+02 1.192935062172856980e-04
5.344632955787600395e+02 1.185045321880063939e-04
5.345032955787600031e+02 1.177238852967063022e-04
5.345432955787599667e+02 1.169514398026805062e-04
5.345832955787600440e+02 1.161870725349040991e-04
5.346232955787600076e+02 1.154306628226334062e-04
5.346632955787599712e+02 1.146820924284227010e-04
5.347032955787600486e+02 1.139412454834544993e-04
5.347432955787600122e+02 1.132080084250826032e-04
5.347832955787599758e+02 1.124822699364900965e-04
5.348232955787600531e+02 1.117639208883747996e-04
5.348632955787600167e+02 1.110528542825754998e-04
5.349032955787599803e+02 1.103489651975560974e-04
5.349432955787599440e+02 1.096521507356742949e-04
5.349832955787600213e+02 1.089623099721582025e-04
5.350232955787599849e+02 1.082793439057219996e-04
5.350632955787599485e+02 1.076031554107566984e-04
5.351032955787600258e+02 1.069336491910293988e-04
5.351432955787599894e+02 1.062707317348351971e-04
5.351832955787599531e+02 1.056143112715417947e-04
5.352232955787600304e+02 1.049642977294727963e-04
5.352632955787599940e+02 1.043206026950806956e-04
5.353032955787599576e+02 1.036831393733560940e-04
5.353432955787600349e+02 1.030518225494303014e-04
5.353832955787599985e+02 1.024265685513225970e-04
5.354232955787599622e+02 1.018072952137921965e-04
5.354632955787600395e+02 1.011939218432531044e-04
5.355032955787600031e+02 1.005863691837128048e-04
5.355432955787599667e+02 9.998455938369483847e-05
5.355832955787600440e+02 9.938841596411676627e-05
5.356232955787600076e+02 9.879786378707959300e-05
5.356632955787599712e+02 9.821282902554442180e-05
5.357032955787600486e+02 9.763323913385938031e-05
5.357432955787600122e+02 9.705902281911039139e-05
5.357832955787599758e+02 9.649011001326551209e-05
5.358232955787600531e+02 9.592643184608424503e-05
5.358632955787600167e+02 9.536792061876833563e-05
5.359032955787599803e+02 9.481450977832567620e-05
5.359432955787599440e+02 9.426613389262544318e-05
5.359832955787600213e+02 9.372272862611923257e-05
5.360232955787599849e+02 9.318423071620622513e-05
5.360632955787599485e+02 9.265057795022369218e-05
5.361032955787600258e+02 9.212170914303631985e-05
5.361432955787599894e+02 9.159756411520986413e-05
5.361832955787599531e+02 9.107808367174796758e-05
5.362232955787600304e+02 9.056320958137226975e-05
5.362632955787599940e+02 9.005288455633201489e-05
5.363032955787599576e+02 8.954705223272063251e-05
5.363432955787600349e+02 8.904565715128764936e-05
5.363832955787599985e+02 8.854864473872817881e-05
5.364232955787599622e+02 8.805596128943414492e-05
5.364632955787600395e+02 8.756755394769295668e-05
5.365032955787600031e+02 8.708337069031987668e-05
5.365432955787599667e+02 8.660336030971019293e-05
5.365832955787600440e+02 8.612747239729705837e-05
5.366232955787600076e+02 8.565565732740273324e-05
5.366632955787599712e+02 8.518786624147218480e-05
5.367032955787600486e+02 8.472405103267279512e-05
5.367432955787600122e+02 8.426416433085504032e-05
5.367832955787599758e+02 8.380815948785641479e-05
5.368232955787600531e+02 8.335599056314132245e-05
5.368632955787600167e+02 8.290761230976570017e-05
5.369032955787599803e+02 8.246298016065626310e-05
5.369432955787599440e+02 8.202205021519231014e-05
5.369832955787600213e+02 8.158477922608380127e-05
5.370232955787599849e+02 8.115112458653317049e-05
5.370632955787599485e+02 8.072104431767333939e-05
5.371032955787600258e+02 8.029449705627243077e-05
5.371432955787599894e+02 7.987144204269612947e-05
5.371832955787599531e+02 7.945183910911974841e-05
5.372232955787600304e+02 7.903564866798082496e-05
5.372632955787599940e+02 7.862283170066438709e-05
5.373032955787599576e+02 7.821334974641329981e-05
5.373432955787600349e+02 7.780716489145480164e-05
5.373832955787599985e+02 7.740423975833473345e-05
5.374232955787599622e+02 7.700453749545566517e-05
5.374632955787600395e+02 7.660802176680547610e-05
5.375032955787600031e+02 7.621465674187317691e-05
5.375432955787599667e+02 7.582440708574350314e-05
5.375832955787600440e+02 7.543723794936103713e-05
5.376232955787600076e+02 7.505311495995983350e-05
5.376632955787599712e+02 7.467200421164720458e-05
5.377032955787600486e+02 7.429387225613669210e-05
5.377432955787600122e+02 7.391868609362431614e-05
5.377832955787599758e+02 7.354641316379479288e-05
5.378232955787600531e+02 7.317702133695740932e-05
5.378632955787600167e+02 7.281047890529880216e-05
5.379032955787599803e+02 7.244675457424604062e-05
5.379432955787599440e+02 7.208581745393358945e-05
5.379832955787600213e+02 7.172763705076435356e-05
5.380232955787599849e+02 7.137218325905686251e-05
5.380632955787599485e+02 7.101942635277026003e-05
5.381032955787600258e+02 7.066933697729862833e-05
5.381432955787599894e+02 7.032188614132427944e-05
5.381832955787599531e+02 6.997704520872109594e-05
5.382232955787600304e+02 6.963478589049939681e-05
5.382632955787599940e+02 6.929508023677815210e-05
5.383032955787599576e+02 6.895790062877793307e-05
5.383432955787600349e+02 6.862321977081994743e-05
5.383832955787599985e+02 6.829101068232014133e-05
5.384232955787599622e+02 6.796124668976558840e-05
5.384632955787600395e+02 6.763390141865839318e-05
5.385032955787600031e+02 6.730894878541362450e-05
5.385432955787599667e+02 6.698636298919364684e-05
5.385832955787600440e+02 6.666611850366510736e-05
5.386232955787600076e+02 6.634819006865652874e-05
5.386632955787599712e+02 6.603255268169932319e-05
5.387032955787600486e+02 6.571918158943089591e-05
5.387432955787600122e+02 6.540805227883515890e-05
5.387832955787599758e+02 6.509914046829779529e-05
5.388232955787600531e+02 6.479242209844620108e-05
5.388632955787600167e+02 6.448787332274691798e-05
5.389032955787599803e+02 6.418547049782645920e-05
5.389432955787599440e+02 6.388519017347961393e-05
5.389832955787600213e+02 6.358700908232745963e-05
5.390232955787599849e+02 6.329090412907957281e-05
5.390632955787599485e+02 6.299685237935547097e-05
5.391032955787600258e+02 6.270483104800947632e-05
5.391432955787599894e+02 6.241481748690399177e-05
5.391832955787599531e+02 6.212678917206232855e-05
5.392232955787600304e+02 6.184072369013432588e-05
5.392632955787599940e+02 6.155659872408898877e-05
5.393032955787599576e+02 6.127439203804878993e-05
5.393432955787600349e+02 6.099408146116393789e-05
5.393832955787599985e+02 6.071564487041417935e-05
5.394232955787599622e+02 6.043906017221343911e-05
5.394632955787600395e+02 6.016430528267565996e-05
5.395032955787600031e+02 5.989135810638220752e-05
5.395432955787599667e+02 5.962019651347015076e-05
5.395832955787600440e+02 5.935079831484111197e-05
5.396232955787600076e+02 5.908314123525645103e-05
5.396632955787599712e+02 5.881720288405862293e-05
5.397032955787600486e+02 5.855296072322144734e-05
5.397432955787600122e+02 5.829039203238710933e-05
5.397832955787599758e+02 5.802947387050180783e-05
5.398232955787600531e+02 5.777018303360495282e-05
5.398632955787600167e+02 5.751249600825764736e-05
5.399032955787599803e+02 5.725638892002112246e-05
5.399432955787599440e+02 5.700183747630448324e-05
5.399832955787600213e+02 5.674881690278956012e-05
5.400232955787599849e+02 5.649730187251747308e-05
5.400632955787599485e+02 5.624726642657178210e-05
5.401032955787600258e+02 5.599868388510454716e-05
5.401432955787599894e+02 5.575152674725248730e-05
5.401832955787599531e+02 5.550576657821825269e-05
5.402232955787600304e+02 5.526137388149755098e-05
5.402632955787599940e+02 5.501831795385207021e-05
5.403032955787599576e+02 5.477656672018355667e-05
5.403432955787600349e+02 5.453608654491613202e-05
5.403832955787599985e+02 5.429684201582544165e-05
5.404232955787599622e+02 5.405879569543733075e-05
5.404632955787600395e+02 5.382190783410471688e-05
5.405032955787600031e+02 5.358613603762650822e-05
5.405432955787599667e+02 5.335143488071151781e-05
5.405832955787600440e+02 5.311775545564653239e-05
5.406232955787600076e+02 5.288504484307281043e-05
5.406632955787599712e+02 5.265324548866987089e-05
5.407032955787600486e+02 5.242229446559214218e-05
5.407432955787600122e+02 5.219212259742035887e-05
5.407832955787599758e+02 5.196265340983712987e-05
5.408232955787600531e+02 5.173380187069521107e-05
5.408632955787600167e+02 5.150547286694574334e-05
5.409032955787599803e+02 5.127755935208545298e-05
5.409432955787599440e+02 5.104994007799994036e-05
5.409832955787600213e+02 5.082247679844476338e-05
5.410232955787599849e+02 5.059501079514908920e-05
5.410632955787599485e+02 5.036735852764547293e-05
5.411032955787600258e+02 5.013930613851545976e-05
5.411432955787599894e+02 4.991060244792892706e-05
5.411832955787599531e+02 4.968094993168054247e-05
5.412232955787600304e+02 4.944999297457630276e-05
5.412632955787599940e+02 4.921730239325842321e-05
5.413032955787599576e+02 4.898235477690387216e-05
5.413432955787600349e+02 4.874450451482894778e-05
5.413832955787599985e+02 4.850294532317828817e-05
5.414232955787599622e+02 4.825665640218847668e-05
5.414632955787600395e+02 4.800432561704838307e-05
5.415032955787600031e+02 4.774423751229923209e-05
5.415432955787599667e+02 4.747410606888079697e-05
5.415832955787600440e+02 4.719081803799635112e-05
5.416232955787600076e+02 4.689002668299243124e-05
5.416632955787599712e+02 4.656548575069028033e-05
5.417032955787600486e+02 4.620791299837071256e-05
5.417432955787600122e+02 4.580296104688503042e-05
5.417832955787599758e+02 4.532740735740320231e-05
5.418232955787600531e+02 4.474161546096373896e-05
5.418632955787600167e+02 4.397396662308355813e-05
5.419032955787599803e+02 4.288910760817612225e-05
5.419432955787599440e+02 4.124022974674488798e-05
5.419832955787600213e+02 3.874147972353073668e-05
