5.021058276445600086e+02 5.870585811973031776e-05
5.021458276445599722e+02 6.296777120580358616e-05
5.021858276445599927e+02 6.560898111181201790e-05
5.022258276445600131e+02 6.730667515315255113e-05
5.022658276445599768e+02 6.851553684732515669e-05
5.023058276445599972e+02 6.945709266505696578e-05
5.023458276445600177e+02 7.024140702212414199e-05
5.023858276445599813e+02 7.092722885196971693e-05
5.024258276445600018e+02 7.154821785458741082e-05
5.024658276445600222e+02 7.212486889023210566e-05
5.025058276445599859e+02 7.267031160662350037e-05
5.025458276445600063e+02 7.319332208864704240e-05
5.025858276445600268e+02 7.369998012909244366e-05
5.026258276445599904e+02 7.419462808762017738e-05
5.026658276445600109e+02 7.468045014341631268e-05
5.027058276445599745e+02 7.515983552946561863e-05
5.027458276445599950e+02 7.563461381744647071e-05
5.027858276445600154e+02 7.610621171269608661e-05
5.028258276445599790e+02 7.657576019038006391e-05
5.028658276445599995e+02 7.704416934308887103e-05
5.029058276445600200e+02 7.751218171682988287e-05
5.029458276445599836e+02 7.798041099957695084e-05
5.029858276445600040e+02 7.844937053866037676e-05
5.030258276445600245e+02 7.891949466892238187e-05
5.030658276445599881e+02 7.939115487678197148e-05
5.031058276445600086e+02 7.986467219996624186e-05
5.031458276445599722e+02 8.034032684607894930e-05
5.031858276445599927e+02 8.081836573082847302e-05
5.032258276445600131e+02 8.129900844230553863e-05
5.032658276445599768e+02 8.178245200181748242e-05
5.033058276445599972e+02 8.226887469554869056e-05
5.033458276445600177e+02 8.275843918225943047e-05
5.033858276445599813e+02 8.325129503213097508e-05
5.034258276445600018e+02 8.374758081508691286e-05
5.034658276445600222e+02 8.424742582966808491e-05
5.035058276445599859e+02 8.475095154313424433e-05
5.035458276445600063e+02 8.525827279806215072e-05
5.035858276445600268e+02 8.576949882897546575e-05
5.036258276445599904e+02 8.628473412354375040e-05
5.036658276445600109e+02 8.680407915591300269e-05
5.037058276445599745e+02 8.732763101431302588e-05
5.037458276445599950e+02 8.785548394083436468e-05
5.037858276445600154e+02 8.838772979790494833e-05
5.038258276445599790e+02 8.892445847333941633e-05
5.038658276445599995e+02 8.946575823370268355e-05
5.039058276445600200e+02 9.001171603402139808e-05
5.039458276445599836e+02 9.056241779050334256e-05
5.039858276445600040e+02 9.111794862180238219e-05
5.040258276445600245e+02 9.167839306345786576e-05
5.040658276445599881e+02 9.224383525939766192e-05
5.041058276445600086e+02 9.281435913376659885e-05
5.041458276445599722e+02 9.339004854585890043e-05
5.041858276445599927e+02 9.397098743049341941e-05
5.042258276445600131e+02 9.455725992583421599e-05
5.042658276445599768e+02 9.514895049036586200e-05
5.043058276445599972e+02 9.574614401048623573e-05
5.043458276445600177e+02 9.634892589997968602e-05
5.043858276445599813e+02 9.695738219245704460e-05
5.044258276445600018e+02 9.757159962770532247e-05
5.044658276445600222e+02 9.819166573276597466e-05
5.045058276445599859e+02 9.881766889845311908e-05
5.045458276445600063e+02 9.944969845193958450e-05
5.045858276445600268e+02 1.000878447259535934e-04
5.046258276445599904e+02 1.007321991250715042e-04
5.046658276445600109e+02 1.013828541895274053e-04
5.047058276445599745e+02 1.020399036569238969e-04
5.047458276445599950e+02 1.027034425221716934e-04
5.047858276445600154e+02 1.033735670959599955e-04
5.048258276445599790e+02 1.040503750620313947e-04
5.048658276445599995e+02 1.047339655334923936e-04
5.049058276445600200e+02 1.054244391083852990e-04
5.049458276445599836e+02 1.061218979247182043e-04
5.049858276445600040e+02 1.068264457151300975e-04
5.050258276445600245e+02 1.075381878613597007e-04
5.050658276445599881e+02 1.082572314486685027e-04
5.051058276445600086e+02 1.089836853203562060e-04
5.051458276445599722e+02 1.097176601325070954e-04
5.051858276445599927e+02 1.104592684090773067e-04
5.052258276445600131e+02 1.112086245974502950e-04
5.052658276445599768e+02 1.119658451245598957e-04
5.053058276445599972e+02 1.127310484536875025e-04
5.053458276445600177e+02 1.135043551420338937e-04
5.053858276445599813e+02 1.142858878991569974e-04
5.054258276445600018e+02 1.150757716463677937e-04
5.054658276445600222e+02 1.158741335771774043e-04
5.055058276445599859e+02 1.166811032188758054e-04
5.055458276445600063e+02 1.174968124953325034e-04
5.055858276445600268e+02 1.183213957911032955e-04
5.056258276445599904e+02 1.191549900169238058e-04
5.056658276445600109e+02 1.199977346766755034e-04
5.057058276445599745e+02 1.208497719359069952e-04
5.057458276445599950e+02 1.217112466919949981e-04
5.057858276445600154e+02 1.225823066460277023e-04
5.058258276445599790e+02 1.234631023764957969e-04
5.058658276445599995e+02 1.243537874148796984e-04
5.059058276445600200e+02 1.252545183232224948e-04
5.059458276445599836e+02 1.261654547737680915e-04
5.059858276445600040e+02 1.270867596307720989e-04
5.060258276445600245e+02 1.280185990345640925e-04
5.060658276445599881e+02 1.289611424879719972e-04
5.061058276445600086e+02 1.299145629451931906e-04
5.061458276445599722e+02 1.308790369032261126e-04
5.061858276445599927e+02 1.318547444959619922e-04
5.062258276445600131e+02 1.328418695910486076e-04
5.062658276445599768e+02 1.338405998896321971e-04
5.063058276445599972e+02 1.348511270291065942e-04
5.063458276445600177e+02 1.358736466889767065e-04
5.063858276445599813e+02 1.369083586999676077e-04
5.064258276445600018e+02 1.379554671565150941e-04
5.064658276445600222e+02 1.390151805327617099e-04
5.065058276445599859e+02 1.400877118022078084e-04
5.065458276445600063e+02 1.411732785611607087e-04
5.065858276445600268e+02 1.422721031561350105e-04
5.066258276445599904e+02 1.433844128153611945e-04
5.066658276445600109e+02 1.445104397845756020e-04
5.067058276445599745e+02 1.456504214672519032e-04
5.067458276445599950e+02 1.468046005694692091e-04
5.067858276445600154e+02 1.479732252495952899e-04
5.068258276445599790e+02 1.491565492729847952e-04
5.068658276445599995e+02 1.503548321719021925e-04
5.069058276445600200e+02 1.515683394108814901e-04
5.069458276445599836e+02 1.527973425577462013e-04
5.069858276445600040e+02 1.540421194605346041e-04
5.070258276445640035e+02 1.553029544305668992e-04
5.070658276445640240e+02 1.565801384319242032e-04
5.071058276445639876e+02 1.578739692776008879e-04
5.071458276445640081e+02 1.591847518326250052e-04
5.071858276445640286e+02 1.605127982244433009e-04
5.072258276445639922e+02 1.618584280608761005e-04
5.072658276445640126e+02 1.632219686559912078e-04
5.073058276445639763e+02 1.646037552642231879e-04
5.073458276445639967e+02 1.660041313231130065e-04
5.073858276445640172e+02 1.674234487050566033e-04
5.074258276445639808e+02 1.688620679784457997e-04
5.074658276445640013e+02 1.703203586786530041e-04
5.075058276445640217e+02 1.717986995892830130e-04
5.075458276445639854e+02 1.732974790341732950e-04
5.075858276445640058e+02 1.748170951806398896e-04
5.076258276445640263e+02 1.763579563544887983e-04
5.076658276445639899e+02 1.779204813673436946e-04
5.077058276445640104e+02 1.795050998568743935e-04
5.077458276445639740e+02 1.811122526405461075e-04
5.077858276445639945e+02 1.827423920835245081e-04
5.078258276445640149e+02 1.843959824814424872e-04
5.078658276445639785e+02 1.860735004587379872e-04
5.079058276445639990e+02 1.877754353833482133e-04
5.079458276445640195e+02 1.895022897985544868e-04
5.079858276445639831e+02 1.912545798728590896e-04
5.080258276445640035e+02 1.930328358687959090e-04
5.080658276445640240e+02 1.948376026316502073e-04
5.081058276445639876e+02 1.966694400991105939e-04
5.081458276445640081e+02 1.985289238329516061e-04
5.081858276445640286e+02 2.004166455739040135e-04
5.082258276445639922e+02 2.023332138209478883e-04
5.082658276445640126e+02 2.042792544363385078e-04
5.083058276445639763e+02 2.062554112777676980e-04
5.083458276445639967e+02 2.082623468591477875e-04
5.083858276445640172e+02 2.103007430415998903e-04
5.084258276445639808e+02 2.123713017563525884e-04
5.084658276445640013e+02 2.144747457613451001e-04
5.085058276445640217e+02 2.166118194334805869e-04
5.085458276445639854e+02 2.187832895985844885e-04
5.085858276445640058e+02 2.209899464012858117e-04
5.086258276445640263e+02 2.232326042171904070e-04
5.086658276445639899e+02 2.255121026098799893e-04
5.087058276445640104e+02 2.278293073354677070e-04
5.087458276445639740e+02 2.301851113976312920e-04
5.087858276445639945e+02 2.325804361562706045e-04
5.088258276445640149e+02 2.350162324931742090e-04
5.088658276445639785e+02 2.374934820383364092e-04
5.089058276445639990e+02 2.400131984608593126e-04
5.089458276445640195e+02 2.425764288286718078e-04
5.089858276445639831e+02 2.451842550416525267e-04
5.090258276445640035e+02 2.478377953431098860e-04
5.090658276445640240e+02 2.505382059149801818e-04
5.091058276445639876e+02 2.532866825625648731e-04
5.091458276445640081e+02 2.560844624951093859e-04
5.091858276445640286e+02 2.589328262090910180e-04
5.092258276445639922e+02 2.618330994816766926e-04
5.092658276445640126e+02 2.647866554824702045e-04
5.093058276445639763e+02 2.677949170124317192e-04
5.093458276445639967e+02 2.708593588796625088e-04
5.093858276445640172e+02 2.739815104226436772e-04
5.094258276445639808e+02 2.771629581925527143e-04
5.094658276445640013e+02 2.804053488074214869e-04
5.095058276445640217e+02 2.837103919921227951e-04
5.095458276445639854e+02 2.870798638196494167e-04
5.095858276445640058e+02 2.905156101706634860e-04
5.096258276445640263e+02 2.940195504301626223e-04
5.096658276445639899e+02 2.975936814420157930e-04
5.097058276445640104e+02 3.012400817445075210e-04
5.097458276445639740e+02 3.049609161124568982e-04
5.097858276445639945e+02 3.087584404345016008e-04
5.098258276445640149e+02 3.126350069573605953e-04
5.098658276445639785e+02 3.165930699326581846e-04
5.099058276445639990e+02 3.206351917061925827e-04
5.099458276445640195e+02 3.247640492944248885e-04
5.099858276445639831e+02 3.289824414985704115e-04
5.100258276445640035e+02 3.332932966131756125e-04
5.100658276445640240e+02 3.376996807934980801e-04
5.101058276445639876e+02 3.422048071546410089e-04
5.101458276445640081e+02 3.468120456854188261e-04
5.101858276445640286e+02 3.515249340715493058e-04
5.102258276445639922e+02 3.563471895363964199e-04
5.102658276445640126e+02 3.612827218233847972e-04
5.103058276445639763e+02 3.663356474629285084e-04
5.103458276445639967e+02 3.715103054887549782e-04
5.103858276445640172e+02 3.768112747946240210e-04
5.104258276445639808e+02 3.822433933534039865e-04
5.104658276445640013e+02 3.878117795574426911e-04
5.105058276445640217e+02 3.935218559833590928e-04
5.105458276445639854e+02 3.993793759375583179e-04
5.105858276445640058e+02 4.053904532028820081e-04
5.106258276445640263e+02 4.115615954845802237e-04
5.106658276445639899e+02 4.178997421485017836e-04
5.107058276445640104e+02 4.244123069602328819e-04
5.107458276445639740e+02 4.311072266764903130e-04
5.107858276445639945e+02 4.379930165161937056e-04
5.108258276445640149e+02 4.450788337576342866e-04
5.108658276445639785e+02 4.523745509817775801e-04
5.109058276445639990e+02 4.598908408258750883e-04
5.109458276445640195e+02 4.676392745467250890e-04
5.109858276445639831e+02 4.756324372471675932e-04
5.110258276445640035e+02 4.838840633295990153e-04
5.110658276445640240e+02 4.924091966573199532e-04
5.111058276445639876e+02 5.012243810969773099e-04
5.111458276445640081e+02 5.103478886785364375e-04
5.111858276445640286e+02 5.197999946750986224e-04
5.112258276445639922e+02 5.296033116591787344e-04
5.112658276445640126e+02 5.397831982981984508e-04
5.113058276445639763e+02 5.503682636876044932e-04
5.113458276445639967e+02 5.613909949336298852e-04
5.113858276445640172e+02 5.728885452942447838e-04
5.114258276445639808e+02 5.849037336646635337e-04
5.114658276445640013e+02 5.974863253595279937e-04
5.115058276445640217e+02 6.106946917637415088e-04
5.115458276445639854e+02 6.245979867956051460e-04
5.115858276445640058e+02 6.392790380400491679e-04
5.116258276445640263e+02 6.548382407788096854e-04
5.116658276445639899e+02 6.713988818278087160e-04
5.117058276445640104e+02 6.891145368714728450e-04
5.117458276445639740e+02 7.081795304906410770e-04
5.117858276445639945e+02 7.288440100584897162e-04
5.118258276445640149e+02 7.514361179416548893e-04
5.118658276445639785e+02 7.763953281596241854e-04
5.119058276445639990e+02 8.043237433838227235e-04
5.119458276445640195e+02 8.360669159883265308e-04
5.119858276445639831e+02 8.728440597143137959e-04
5.120258276445639467e+02 9.164613912994757109e-04
5.120658276445640240e+02 9.696620358127027795e-04
5.121058276445639876e+02 1.036675762666931918e-03
5.121458276445639513e+02 1.123933230122493030e-03
5.121858276445640286e+02 1.240271626799664077e-03
5.122258276445639922e+02 1.393622580654203065e-03
5.122658276445639558e+02 1.578304034476995035e-03
5.123058276445640331e+02 1.762353715395873974e-03
5.123458276445639967e+02 1.914823327341568958e-03
5.123858276445639603e+02 2.041584968226070867e-03
5.124258276445640377e+02 2.148744741568754061e-03
5.124658276445640013e+02 2.241747417352763123e-03
5.125058276445639649e+02 2.332561767446286998e-03
5.125458276445640422e+02 2.369487572670286174e-03
5.125858276445640058e+02 2.290181173739613048e-03
5.126258276445639694e+02 2.127059986217785977e-03
5.126658276445640468e+02 1.973643093610237802e-03
5.127058276445640104e+02 1.879389117492714966e-03
5.127458276445639740e+02 1.845334177209776924e-03
5.127858276445640513e+02 1.863816945188698053e-03
5.128258276445640149e+02 1.933044463682523015e-03
5.128658276445639785e+02 2.047122711782803015e-03
5.129058276445640558e+02 2.186573734907994084e-03
5.129458276445640195e+02 2.327437526104651072e-03
5.129858276445639831e+02 2.458502948962346200e-03
5.130258276445639467e+02 2.588572460739950020e-03
5.130658276445640240e+02 2.729443594415147112e-03
5.131058276445639876e+02 2.854102662827806818e-03
5.131458276445639513e+02 2.947622302030523857e-03
5.131858276445640286e+02 3.077180985919508900e-03
5.132258276445639922e+02 3.318807881543975845e-03
5.132658276445639558e+02 3.705145258943391001e-03
5.133058276445640331e+02 4.204416454313346374e-03
5.133458276445639967e+02 4.700529092592491132e-03
5.133858276445639603e+02 5.093589690432952059e-03
5.134258276445640377e+02 5.405899828339970001e-03
5.134658276445640013e+02 5.670621622535942756e-03
5.135058276445639649e+02 5.950609541547516833e-03
5.135458276445640422e+02 6.421956873578189319e-03
5.135858276445640058e+02 7.271055551848924423e-03
5.136258276445639694e+02 8.515262658468997214e-03
5.136658276445640468e+02 9.835575641273254163e-03
5.137058276445640104e+02 1.076297505530703080e-02
5.137458276445639740e+02 1.127169918415459916e-02
5.137858276445640513e+02 1.161789801644209918e-02
5.138258276445640149e+02 1.188705671400576945e-02
5.138658276445639785e+02 1.201937365350911995e-02
5.139058276445640558e+02 1.224382781236815071e-02
5.139458276445640195e+02 1.283772711696043976e-02
5.139858276445639831e+02 1.353110943887893963e-02
5.140258276445639467e+02 1.374849127618997004e-02
5.140658276445640240e+02 1.363582929326758071e-02
5.141058276445639876e+02 1.381801084681917938e-02
5.141458276445639513e+02 1.445721984726986917e-02
5.141858276445640286e+02 1.521533098608511027e-02
5.142258276445639922e+02 1.565765470018981934e-02
5.142658276445639558e+02 1.535831531996444989e-02
5.143058276445640331e+02 1.427947948028892959e-02
5.143458276445639967e+02 1.306106243276743996e-02
5.143858276445639603e+02 1.222792696902631933e-02
5.144258276445640377e+02 1.176443943342267949e-02
5.144658276445640013e+02 1.156266978313100040e-02
5.145058276445639649e+02 1.175353200028915988e-02
5.145458276445640422e+02 1.248577296120221940e-02
5.145858276445640058e+02 1.378391378980696989e-02
5.146258276445639694e+02 1.561829076274058072e-02
5.146658276445640468e+02 1.797671007541404992e-02
5.147058276445640104e+02 2.063988377270547028e-02
5.147458276445639740e+02 2.295213089771044879e-02
5.147858276445640513e+02 2.444869795615357833e-02
5.148258276445640149e+02 2.559016653003091946e-02
5.148658276445639785e+02 2.719723590283307929e-02
5.149058276445640558e+02 2.922587110852800998e-02
5.149458276445640195e+02 3.107866258646289903e-02
5.149858276445639831e+02 3.240590603797387226e-02
5.150258276445639467e+02 3.332245942626711754e-02
5.150658276445640240e+02 3.424046947262673890e-02
5.151058276445639876e+02 3.560359063791918716e-02
5.151458276445639513e+02 3.753688624609376190e-02
5.151858276445640286e+02 3.976572551628546059e-02
5.152258276445639922e+02 4.197686540307690728e-02
5.152658276445639558e+02 4.454362698846763002e-02
5.153058276445640331e+02 4.834510573947824186e-02
5.153458276445639967e+02 5.381856481728052033e-02
5.153858276445639603e+02 6.018839736981845129e-02
5.154258276445640377e+02 6.589973264484286219e-02
5.154658276445640013e+02 7.037072968960812747e-02
5.155058276445639649e+02 7.413632024466035308e-02
5.155458276445640422e+02 7.751704237380177553e-02
5.155858276445640058e+02 8.017144692401377559e-02
5.156258276445639694e+02 8.220143517537019384e-02
5.156658276445640468e+02 8.510161178508345026e-02
5.157058276445640104e+02 8.927000617613858879e-02
5.157458276445639740e+02 9.338586169015328231e-02
5.157858276445640513e+02 9.733301280784893705e-02
5.158258276445640149e+02 1.014763552137982056e-01
5.158658276445639785e+02 1.046025587834090026e-01
5.159058276445640558e+02 1.064799814263475974e-01
5.159458276445640195e+02 1.093729723502543938e-01
5.159858276445639831e+02 1.155607943698511025e-01
5.160258276445638330e+02 1.243108882305279939e-01
5.160658276445637966e+02 1.318649323877935930e-01
5.161058276445637603e+02 1.344314334918569886e-01
5.161458276445638376e+02 1.315786755630495020e-01
5.161858276445638012e+02 1.239885520653864065e-01
5.162258276445637648e+02 1.133880125885761009e-01
5.162658276445638421e+02 1.023862081967406995e-01
5.163058276445638057e+02 9.287216958706071002e-02
5.163458276445637694e+02 8.562840573954309809e-02
5.163858276445638467e+02 8.141550765775310006e-02
5.164258276445638103e+02 8.090437665414308699e-02
5.164658276445637739e+02 8.457907550165599808e-02
5.165058276445638512e+02 9.207366776540366893e-02
5.165458276445638148e+02 1.007196354229679958e-01
5.165858276445637784e+02 1.061291220841577981e-01
5.166258276445638558e+02 1.053145839232873943e-01
5.166658276445638194e+02 9.905106758581627702e-02
5.167058276445637830e+02 9.114347096681921223e-02
5.167458276445637466e+02 8.602215625362248652e-02
5.167858276445638239e+02 8.496762422671376436e-02
5.168258276445637875e+02 8.531279049846543505e-02
5.168658276445637512e+02 8.294896289594753946e-02
5.169058276445638285e+02 7.662142058704862757e-02
5.169458276445637921e+02 6.939788193055872190e-02
5.169858276445638694e+02 6.414803314756772901e-02
5.170258276445638330e+02 6.174993212534712894e-02
5.170658276445637966e+02 6.174318726256262241e-02
5.171058276445637603e+02 6.230107996915459218e-02
5.171458276445638376e+02 6.155913638261466259e-02
5.171858276445638012e+02 5.969007133163659745e-02
5.172258276445637648e+02 5.804665222357550253e-02
5.172658276445638421e+02 5.676846720207501945e-02
5.173058276445638057e+02 5.504879495090383990e-02
5.173458276445637694e+02 5.300505554755365750e-02
5.173858276445638467e+02 5.126358746509152714e-02
5.174258276445638103e+02 5.009507908418547178e-02
5.174658276445637739e+02 4.921720225030382784e-02
5.175058276445638512e+02 4.756481552437687166e-02
5.175458276445638148e+02 4.453180581887818124e-02
5.175858276445637784e+02 4.083334023447596217e-02
5.176258276445638558e+02 3.752643928315670813e-02
5.176658276445638194e+02 3.467460399472897803e-02
5.177058276445637830e+02 3.157931111836517063e-02
5.177458276445637466e+02 2.817922078722168849e-02
5.177858276445638239e+02 2.517513276560722976e-02
5.178258276445637875e+02 2.315602717313907863e-02
5.178658276445637512e+02 2.236171418223613025e-02
5.179058276445638285e+02 2.279612437763754024e-02
5.179458276445637921e+02 2.402289084034365044e-02
5.179858276445637557e+02 2.512861540072433911e-02
5.180258276445639467e+02 2.519717192849212084e-02
5.180658276445640240e+02 2.411094782012915966e-02
5.181058276445639876e+02 2.249644215414961165e-02
5.181458276445639513e+02 2.091628178574176863e-02
5.181858276445640286e+02 1.957160297737290874e-02
5.182258276445639922e+02 1.826898408132411958e-02
5.182658276445639558e+02 1.710926986003787065e-02
5.183058276445640331e+02 1.640747437239513037e-02
5.183458276445639967e+02 1.620582837095770057e-02
5.183858276445639603e+02 1.652300027792334008e-02
5.184258276445640377e+02 1.760095974111967887e-02
5.184658276445640013e+02 1.972801275546338939e-02
5.185058276445639649e+02 2.290084571500999866e-02
5.185458276445640422e+02 2.631678706719020946e-02
5.185858276445640058e+02 2.858432026076759142e-02
5.186258276445639694e+02 2.903450014946474048e-02
5.186658276445640468e+02 2.780587392423320911e-02
5.187058276445640104e+02 2.522966438836753145e-02
5.187458276445639740e+02 2.204729982663015952e-02
5.187858276445640513e+02 1.907231291311656945e-02
5.188258276445640149e+02 1.669051944966839021e-02
5.188658276445639785e+02 1.502038043708667052e-02
5.189058276445640558e+02 1.405472200435032952e-02
5.189458276445640195e+02 1.360633526814811027e-02
5.189858276445639831e+02 1.333301262751251069e-02
5.190258276445639467e+02 1.293190150957669073e-02
5.190658276445640240e+02 1.228772670518121952e-02
5.191058276445639876e+02 1.140152494693403955e-02
5.191458276445639513e+02 1.047312860220230013e-02
5.191858276445640286e+02 9.699148566287002851e-03
5.192258276445639922e+02 9.101200551000767844e-03
5.192658276445639558e+02 8.584246101728162590e-03
5.193058276445640331e+02 8.009974037672040401e-03
5.193458276445639967e+02 7.334093049704524213e-03
5.193858276445639603e+02 6.672668793490328654e-03
5.194258276445640377e+02 6.100221709483480068e-03
5.194658276445640013e+02 5.647751674280479875e-03
5.195058276445639649e+02 5.337884190301235045e-03
5.195458276445640422e+02 5.173928589807625864e-03
5.195858276445640058e+02 5.145906562508241813e-03
5.196258276445639694e+02 5.219702086988138590e-03
5.196658276445640468e+02 5.335370848499900419e-03
5.197058276445640104e+02 5.455152655589086928e-03
5.197458276445639740e+02 5.584223131841009602e-03
5.197858276445640513e+02 5.717199953642692657e-03
5.198258276445640149e+02 5.827833979654871259e-03
5.198658276445639785e+02 5.912596714202956322e-03
5.199058276445640558e+02 6.001125686944315182e-03
5.199458276445640195e+02 6.138177606872886015e-03
5.199858276445639831e+02 6.307918789412269092e-03
5.200258276445639467e+02 6.489692958721469430e-03
5.200658276445640240e+02 6.753024540389544576e-03
5.201058276445639876e+02 7.147763833387116815e-03
5.201458276445639513e+02 7.639504554695545659e-03
5.201858276445640286e+02 8.219135067998052310e-03
5.202258276445639922e+02 8.959987072963410473e-03
5.202658276445639558e+02 9.906534147291290102e-03
5.203058276445640331e+02 1.108144467546711039e-02
5.203458276445639967e+02 1.262673831435930961e-02
5.203858276445639603e+02 1.473197443485730999e-02
5.204258276445640377e+02 1.741474553269570930e-02
5.204658276445640013e+02 2.068053189462313105e-02
5.205058276445639649e+02 2.468463053933328891e-02
5.205458276445640422e+02 2.892668492161961161e-02
5.205858276445640058e+02 3.187232251150277224e-02
5.206258276445639694e+02 3.252376980402640200e-02
5.206658276445640468e+02 3.177184510910482929e-02
5.207058276445640104e+02 3.127420464528971739e-02
5.207458276445639740e+02 3.172577355654780662e-02
5.207858276445640513e+02 3.278386716703775294e-02
5.208258276445640149e+02 3.389703694015616664e-02
5.208658276445639785e+02 3.501213797065048233e-02
5.209058276445640558e+02 3.687991329926351702e-02
5.209458276445640195e+02 4.041565164210054323e-02
5.209858276445639831e+02 4.519790812810572239e-02
5.210258276445639467e+02 4.991945021283834133e-02
5.210658276445640240e+02 5.408701811781887331e-02
5.211058276445639876e+02 5.699905848635911099e-02
5.211458276445639513e+02 5.736180069393506664e-02
5.211858276445640286e+02 5.523440849176430856e-02
5.212258276445639922e+02 5.257058273421835737e-02
5.212658276445639558e+02 5.058940477021193344e-02
5.213058276445640331e+02 4.864769974543565328e-02
5.213458276445639967e+02 4.582526867863657982e-02
5.213858276445639603e+02 4.203998487488930930e-02
5.214258276445640377e+02 3.706088564041835898e-02
5.214658276445640013e+02 3.129729938678053880e-02
5.215058276445639649e+02 2.619888434648494011e-02
5.215458276445640422e+02 2.268148532710690876e-02
5.215858276445640058e+02 2.079909421366573849e-02
5.216258276445639694e+02 2.037705127524018153e-02
5.216658276445640468e+02 2.137473792585991086e-02
5.217058276445640104e+02 2.396534256924540834e-02
5.217458276445639740e+02 2.842304010316228091e-02
5.217858276445640513e+02 3.453752129734648235e-02
5.218258276445640149e+02 4.037009096131263103e-02
5.218658276445639785e+02 4.278601035741980141e-02
5.219058276445640558e+02 4.124415441070607147e-02
5.219458276445640195e+02 3.783362793753527326e-02
5.219858276445639831e+02 3.436233813678726823e-02
5.220258276445639467e+02 3.210029567516804738e-02
5.220658276445640240e+02 3.181899187585181255e-02
5.221058276445639876e+02 3.347751737871171307e-02
5.221458276445639513e+02 3.664620982551974882e-02
5.221858276445640286e+02 4.149377833288513812e-02
5.222258276445639922e+02 4.760578349399811199e-02
5.222658276445639558e+02 5.321219155108661281e-02
5.223058276445640331e+02 5.612412656686469742e-02
5.223458276445639967e+02 5.600397375707896752e-02
5.223858276445639603e+02 5.404717195443547312e-02
5.224258276445640377e+02 5.101577686873572798e-02
5.224658276445640013e+02 4.716854207257661219e-02
5.225058276445639649e+02 4.282483599967441823e-02
5.225458276445640422e+02 3.831280804559476783e-02
5.225858276445640058e+02 3.422611115678719784e-02
5.226258276445639694e+02 3.138775730996148233e-02
5.226658276445640468e+02 3.015526747671338006e-02
5.227058276445640104e+02 3.023735724370961095e-02
5.227458276445639740e+02 3.104283829196120836e-02
5.227858276445640513e+02 3.199878380685317047e-02
5.228258276445640149e+02 3.276525946412787993e-02
5.228658276445639785e+02 3.337452428560618717e-02
5.229058276445640558e+02 3.437273800941605811e-02
5.229458276445640195e+02 3.639168634707550670e-02
5.229858276445639831e+02 3.934510814078445023e-02
5.230258276445639467e+02 4.235189969915458680e-02
5.230658276445640240e+02 4.445801053562434269e-02
5.231058276445639876e+02 4.554564485359460790e-02
5.231458276445639513e+02 4.628034200379355784e-02
5.231858276445640286e+02 4.716119428208540715e-02
5.232258276445639922e+02 4.810916363271996316e-02
5.232658276445639558e+02 4.934065670770981793e-02
5.233058276445640331e+02 5.154277152502628745e-02
5.233458276445639967e+02 5.475148273276961297e-02
5.233858276445639603e+02 5.729812748962297836e-02
5.234258276445640377e+02 5.725076645579475765e-02
5.234658276445640013e+02 5.507397442179008673e-02
5.235058276445639649e+02 5.286132507296153332e-02
5.235458276445640422e+02 5.158679599362939877e-02
5.235858276445640058e+02 5.102214978246955024e-02
5.236258276445639694e+02 5.146847561618685118e-02
5.236658276445640468e+02 5.372870550832049841e-02
5.237058276445640104e+02 5.771496419581873677e-02
5.237458276445639740e+02 6.191978753586316331e-02
5.237858276445640513e+02 6.459460609286105104e-02
5.238258276445640149e+02 6.525781085507396939e-02
5.238658276445639785e+02 6.512620916385945813e-02
5.239058276445640558e+02 6.594970244600367737e-02
5.239458276445640195e+02 6.791872223201236847e-02
5.239858276445639831e+02 6.892487758235134321e-02
5.240258276445639467e+02 6.618288084275363026e-02
5.240658276445640240e+02 5.947474731990363278e-02
5.241058276445639876e+02 5.146823403457077145e-02
5.241458276445639513e+02 4.485457802953501244e-02
5.241858276445640286e+02 4.066175522651591795e-02
5.242258276445639922e+02 3.850749058979965889e-02
5.242658276445639558e+02 3.744623426113771053e-02
5.243058276445640331e+02 3.665693144730561986e-02
5.243458276445639967e+02 3.527806677578772254e-02
5.243858276445639603e+02 3.252965396895725336e-02
5.244258276445640377e+02 2.857000527321863076e-02
5.244658276445640013e+02 2.432171204606890097e-02
5.245058276445639649e+02 2.065532972115931981e-02
5.245458276445640422e+02 1.787763775114382947e-02
5.245858276445640058e+02 1.585422231749523958e-02
5.246258276445639694e+02 1.434033787478788957e-02
5.246658276445640468e+02 1.318789611906491001e-02
5.247058276445640104e+02 1.243297775687150081e-02
5.247458276445639740e+02 1.215513623066116940e-02
5.247858276445640513e+02 1.236003257926782985e-02
5.248258276445640149e+02 1.292378776896717027e-02
5.248658276445639785e+02 1.353878934329619949e-02
5.249058276445640558e+02 1.376330755119443972e-02
5.249458276445640195e+02 1.334393849175661076e-02
5.249858276445639831e+02 1.240177697772082074e-02
5.250258276445639467e+02 1.116755640401827059e-02
5.250658276445640240e+02 9.891198322384386898e-03
5.251058276445639876e+02 8.819330775756454091e-03
5.251458276445639513e+02 8.056806799729627697e-03
5.251858276445640286e+02 7.510442721172245172e-03
5.252258276445639922e+02 7.020271231018876575e-03
5.252658276445639558e+02 6.545356353169782919e-03
5.253058276445640331e+02 6.117277270290855627e-03
5.253458276445639967e+02 5.749426208596913369e-03
5.253858276445639603e+02 5.415493377430678247e-03
5.254258276445640377e+02 5.075086821982894431e-03
5.254658276445640013e+02 4.713893244812483903e-03
5.255058276445639649e+02 4.397344137476098293e-03
5.255458276445640422e+02 4.206723001434394156e-03
5.255858276445640058e+02 4.156450165078384024e-03
5.256258276445639694e+02 4.190310691280377600e-03
5.256658276445640468e+02 4.233369440903957288e-03
5.257058276445640104e+02 4.253435502390818038e-03
5.257458276445639740e+02 4.256306214490191732e-03
5.257858276445640513e+02 4.223179350543716098e-03
5.258258276445640149e+02 4.107431393860096376e-03
5.258658276445639785e+02 3.928520904003965017e-03
5.259058276445640558e+02 3.762999575854179823e-03
5.259458276445640195e+02 3.676269818851031924e-03
5.259858276445639831e+02 3.697972334285239138e-03
5.260258276445639467e+02 3.781033308224704056e-03
5.260658276445640240e+02 3.822316448597263151e-03
5.261058276445639876e+02 3.779844185027296088e-03
5.261458276445639513e+02 3.708126312790033848e-03
5.261858276445640286e+02 3.647684547804779832e-03
5.262258276445639922e+02 3.582085830171320186e-03
5.262658276445639558e+02 3.506420462127673911e-03
5.263058276445640331e+02 3.434310101324705884e-03
5.263458276445639967e+02 3.365211127956635202e-03
5.263858276445639603e+02 3.263575967054734798e-03
5.264258276445640377e+02 3.121950157532550011e-03
5.264658276445640013e+02 2.982628773125078035e-03
5.265058276445639649e+02 2.876893070014588036e-03
5.265458276445640422e+02 2.795399737269152040e-03
5.265858276445640058e+02 2.733048857538637830e-03
5.266258276445639694e+02 2.687389733850938881e-03
5.266658276445640468e+02 2.636276833255246817e-03
5.267058276445640104e+02 2.560971743664210067e-03
5.267458276445639740e+02 2.451812250536497192e-03
5.267858276445640513e+02 2.309777926395690899e-03
5.268258276445640149e+02 2.168443861264368784e-03
5.268658276445639785e+02 2.073065993784027096e-03
5.269058276445640558e+02 2.051507104884451108e-03
5.269458276445640195e+02 2.098729021156767877e-03
5.269858276445639831e+02 2.168319555866047785e-03
5.270258276445599677e+02 2.198790164957116055e-03
5.270658276445600450e+02 2.168588498373699019e-03
5.271058276445600086e+02 2.104638956629105179e-03
5.271458276445599722e+02 2.023964528126669191e-03
5.271858276445600495e+02 1.905752031904691919e-03
5.272258276445600131e+02 1.750444252745776003e-03
5.272658276445599768e+02 1.595033203975025930e-03
5.273058276445600541e+02 1.473863463678605013e-03
5.273458276445600177e+02 1.395272022138141933e-03
5.273858276445599813e+02 1.345856657449906024e-03
5.274258276445599449e+02 1.302985222855580988e-03
5.274658276445600222e+02 1.254373807429016909e-03
5.275058276445599859e+02 1.206313409163451908e-03
5.275458276445599495e+02 1.166932316782894920e-03
5.275858276445600268e+02 1.143194680781623937e-03
5.276258276445599904e+02 1.146870307132500993e-03
5.276658276445599540e+02 1.189179724823088979e-03
5.277058276445600313e+02 1.277687108144932035e-03
5.277458276445599950e+02 1.414894446817784902e-03
5.277858276445599586e+02 1.579596226402122912e-03
5.278258276445600359e+02 1.705397467117704098e-03
5.278658276445599995e+02 1.732239553684623975e-03
5.279058276445599631e+02 1.693921974272605008e-03
5.279458276445600404e+02 1.659861726638255097e-03
5.279858276445600040e+02 1.659432875813245025e-03
5.280258276445599677e+02 1.685676605058473044e-03
5.280658276445600450e+02 1.682358678342499043e-03
5.281058276445600086e+02 1.581970321018075004e-03
5.281458276445599722e+02 1.397382201820040028e-03
5.281858276445600495e+02 1.193556267051524905e-03
5.282258276445600131e+02 1.014235330437345938e-03
5.282658276445599768e+02 8.718717583576812051e-04
5.283058276445600541e+02 7.643890655768235693e-04
5.283458276445600177e+02 6.846169889125556639e-04
5.283858276445599813e+02 6.248720199012674321e-04
5.284258276445599449e+02 5.789698093090942747e-04
5.284658276445600222e+02 5.424691101860801626e-04
5.285058276445599859e+02 5.125539073040708601e-04
5.285458276445599495e+02 4.876049659089049860e-04
5.285858276445600268e+02 4.665388226777744934e-04
5.286258276445599904e+02 4.485032427851640960e-04
5.286658276445599540e+02 4.328376059306092796e-04
5.287058276445600313e+02 4.190478222357534163e-04
5.287458276445599950e+02 4.067678330774728815e-04
5.287858276445599586e+02 3.957248349360734259e-04
5.288258276445600359e+02 3.857135551486765793e-04
5.288658276445599995e+02 3.765784675790934165e-04
5.289058276445599631e+02 3.682018348265784927e-04
5.289458276445600404e+02 3.604959444685420134e-04
5.289858276445600040e+02 3.533985497930320035e-04
5.290258276445599677e+02 3.468710930979988804e-04
5.290658276445600450e+02 3.408998172133785956e-04
5.291058276445600086e+02 3.355004164709267790e-04
5.291458276445599722e+02 3.307273259354654186e-04
5.291858276445600495e+02 3.266881321029971069e-04
5.292258276445600131e+02 3.235574950227434782e-04
5.292658276445599768e+02 3.215577101677818245e-04
5.293058276445600541e+02 3.207924067389959191e-04
5.293458276445600177e+02 3.207620735711410849e-04
5.293858276445599813e+02 3.200053318368513964e-04
5.294258276445599449e+02 3.174770825620282146e-04
5.294658276445600222e+02 3.142712457999268265e-04
5.295058276445599859e+02 3.116742582971044197e-04
5.295458276445599495e+02 3.093718136956135093e-04
5.295858276445600268e+02 3.063961241474247202e-04
5.296258276445599904e+02 3.017471233269424045e-04
5.296658276445599540e+02 2.945267359229561789e-04
5.297058276445600313e+02 2.857561889351556807e-04
5.297458276445599950e+02 2.774153623341499200e-04
5.297858276445599586e+02 2.704841710248572883e-04
5.298258276445600359e+02 2.650039892806801988e-04
5.298658276445599995e+02 2.607734749150772131e-04
5.299058276445599631e+02 2.576613118597617137e-04
5.299458276445600404e+02 2.556540408357579138e-04
5.299858276445600040e+02 2.547447944415170192e-04
5.300258276445599677e+02 2.545735426843160135e-04
5.300658276445600450e+02 2.539854922704441091e-04
5.301058276445600086e+02 2.517839161970623885e-04
5.301458276445599722e+02 2.483898314716030046e-04
5.301858276445600495e+02 2.449210502369713162e-04
5.302258276445600131e+02 2.412422343999529983e-04
5.302658276445599768e+02 2.365036405543203017e-04
5.303058276445600541e+02 2.309652026083830012e-04
5.303458276445600177e+02 2.255982503094565970e-04
5.303858276445599813e+02 2.209101189611017090e-04
5.304258276445599449e+02 2.168978117096799062e-04
5.304658276445600222e+02 2.134048740733667914e-04
5.305058276445599859e+02 2.102854240609343948e-04
5.305458276445599495e+02 2.074347458687082063e-04
5.305858276445600268e+02 2.047825082123211902e-04
5.306258276445599904e+02 2.022818058523359077e-04
5.306658276445599540e+02 1.999008849876683874e-04
5.307058276445600313e+02 1.976177430642161981e-04
5.307458276445599950e+02 1.954167341220027041e-04
5.307858276445599586e+02 1.932864380982078092e-04
5.308258276445600359e+02 1.912183065582948060e-04
5.308658276445599995e+02 1.892057861649772902e-04
5.309058276445599631e+02 1.872437399035981032e-04
5.309458276445600404e+02 1.853280571640622868e-04
5.309858276445600040e+02 1.834553859282365908e-04
5.310258276445599677e+02 1.816229454601879945e-04
5.310658276445600450e+02 1.798283931039251033e-04
5.311058276445600086e+02 1.780697281439988099e-04
5.311458276445599722e+02 1.763452215399163013e-04
5.311858276445600495e+02 1.746533640839423123e-04
5.312258276445600131e+02 1.729928279697055056e-04
5.312658276445599768e+02 1.713624383885726122e-04
5.313058276445600541e+02 1.697611528967412102e-04
5.313458276445600177e+02 1.681880471139472885e-04
5.313858276445599813e+02 1.666423059584051986e-04
5.314258276445599449e+02 1.651232201947240108e-04
5.314658276445600222e+02 1.636301886668251949e-04
5.315058276445599859e+02 1.621627273153093891e-04
5.315458276445599495e+02 1.607204870903091874e-04
5.315858276445600268e+02 1.593032844051585112e-04
5.316258276445599904e+02 1.579111502322043891e-04
5.316658276445599540e+02 1.565444080048909920e-04
5.317058276445600313e+02 1.552037973368739052e-04
5.317458276445599950e+02 1.538906721493276026e-04
5.317858276445599586e+02 1.526073209645508063e-04
5.318258276445600359e+02 1.513574863137568912e-04
5.318658276445599995e+02 1.501471927723473988e-04
5.319058276445599631e+02 1.489859728447738931e-04
5.319458276445600404e+02 1.478882360217757092e-04
5.319858276445600040e+02 1.468728098241739053e-04
5.320258276445599677e+02 1.459526967018522981e-04
5.320658276445600450e+02 1.450964832666736079e-04
5.321058276445600086e+02 1.441682210881813921e-04
5.321458276445599722e+02 1.429925270198638008e-04
5.321858276445600495e+02 1.415792330035821887e-04
5.322258276445600131e+02 1.401070184302315082e-04
5.322658276445599768e+02 1.387022730535054937e-04
5.323058276445600541e+02 1.373901706655223070e-04
5.323458276445600177e+02 1.361557318957983887e-04
5.323858276445599813e+02 1.349796164940526085e-04
5.324258276445599449e+02 1.338471038052827097e-04
5.324658276445600222e+02 1.327482530352066083e-04
5.325058276445599859e+02 1.316765129641624978e-04
5.325458276445599495e+02 1.306275243032500074e-04
5.325858276445600268e+02 1.295983173183647011e-04
5.326258276445599904e+02 1.285868087006856054e-04
5.326658276445599540e+02 1.275914901318866881e-04
5.327058276445600313e+02 1.266112341011404888e-04
5.327458276445599950e+02 1.256451709332908988e-04
5.327858276445599586e+02 1.246926094382587880e-04
5.328258276445600359e+02 1.237529846907903903e-04
5.328658276445599995e+02 1.228258229881981970e-04
5.329058276445599631e+02 1.219107178889421975e-04
5.329458276445600404e+02 1.210073135319188946e-04
5.329858276445600040e+02 1.201152928253377059e-04
5.330258276445599677e+02 1.192343689481205939e-04
5.330658276445600450e+02 1.183642791409597980e-04
5.331058276445600086e+02 1.175047801040290956e-04
5.331458276445599722e+02 1.166556445381906963e-04
5.331858276445600495e+02 1.158166585109808014e-04
5.332258276445600131e+02 1.149876194250224934e-04
5.332658276445599768e+02 1.141683344317160937e-04
5.333058276445600541e+02 1.133586191777766992e-04
5.333458276445600177e+02 1.125582968032489995e-04
5.333858276445599813e+02 1.117671971314637024e-04
5.334258276445600586e+02 1.109851560069344983e-04
5.334658276445600222e+02 1.102120147483414043e-04
5.335058276445599859e+02 1.094476196918621941e-04
5.335458276445599495e+02 1.086918218060445003e-04
5.335858276445600268e+02 1.079444763638017933e-04
5.336258276445599904e+02 1.072054426604078959e-04
5.336658276445599540e+02 1.064745837688146034e-04
5.337058276445600313e+02 1.057517663255032011e-04
5.337458276445599950e+02 1.050368603414960044e-04
5.337858276445599586e+02 1.043297390342634026e-04
5.338258276445600359e+02 1.036302786771073055e-04
5.338658276445599995e+02 1.029383584632728005e-04
5.339058276445599631e+02 1.022538603825504951e-04
5.339458276445600404e+02 1.015766691085547002e-04
5.339858276445600040e+02 1.009066718951851047e-04
5.340258276445599677e+02 1.002437584810350954e-04
5.340658276445600450e+02 9.958782100073150403e-05
5.341058276445600086e+02 9.893875390234446320e-05
5.341458276445599722e+02 9.829645387016076982e-05
5.341858276445600495e+02 9.766081975220795147e-05
5.342258276445600131e+02 9.703175249202367536e-05
5.342658276445599768e+02 9.640915506423009711e-05
5.343058276445600541e+02 9.579293241353966878e-05
5.343458276445600177e+02 9.518299139687077745e-05
5.343858276445599813e+02 9.457924072829419510e-05
5.344258276445600586e+02 9.398159092656659748e-05
5.344658276445600222e+02 9.338995426503985450e-05
5.345058276445599859e+02 9.280424472376046327e-05
5.345458276445599495e+02 9.222437794359265807e-05
5.345858276445600268e+02 9.165027118222320729e-05
5.346258276445599904e+02 9.108184327191332097e-05
5.346658276445599540e+02 9.051901457888678201e-05
5.347058276445600313e+02 8.996170696424764268e-05
5.347458276445599950e+02 8.940984374633390627e-05
5.347858276445599586e+02 8.886334966442324950e-05
5.348258276445600359e+02 8.832215084371426814e-05
5.348658276445599995e+02 8.778617476151060427e-05
5.349058276445599631e+02 8.725535021454813433e-05
5.349458276445600404e+02 8.672960728740291701e-05
5.349858276445600040e+02 8.620887732192596196e-05
5.350258276445599677e+02 8.569309288765830689e-05
5.350658276445600450e+02 8.518218775317684167e-05
5.351058276445600086e+02 8.467609685832791781e-05
5.351458276445599722e+02 8.417475628731312727e-05
5.351858276445600495e+02 8.367810324258359795e-05
5.352258276445600131e+02 8.318607601951556524e-05
5.352658276445599768e+02 8.269861398182726687e-05
5.353058276445600541e+02 8.221565753771252244e-05
5.353458276445600177e+02 8.173714811665894599e-05
5.353858276445599813e+02 8.126302814692544832e-05
5.354258276445600586e+02 8.079324103365289993e-05
5.354658276445600222e+02 8.032773113758361397e-05
5.355058276445599859e+02 7.986644375436709816e-05
5.355458276445599495e+02 7.940932509443200400e-05
5.355858276445600268e+02 7.895632226339998748e-05
5.356258276445599904e+02 7.850738324302619382e-05
5.356658276445599540e+02 7.806245687264582063e-05
5.357058276445600313e+02 7.762149283110853155e-05
5.357458276445599950e+02 7.718444161918521591e-05
5.357858276445599586e+02 7.675125454243033035e-05
5.358258276445600359e+02 7.632188369448457540e-05
5.358658276445599995e+02 7.589628194080413805e-05
5.359058276445599631e+02 7.547440290279955929e-05
5.359458276445600404e+02 7.505620094237541772e-05
5.359858276445600040e+02 7.464163114685272297e-05
5.360258276445599677e+02 7.423064931426722910e-05
5.360658276445600450e+02 7.382321193902529081e-05
5.361058276445600086e+02 7.341927619791266803e-05
5.361458276445599722e+02 7.301879993643944683e-05
5.361858276445600495e+02 7.262174165551518116e-05
5.362258276445600131e+02 7.222806049843982204e-05
5.362658276445599768e+02 7.183771623820491828e-05
5.363058276445600541e+02 7.145066926509187507e-05
5.363458276445600177e+02 7.106688057456039928e-05
5.363858276445599813e+02 7.068631175541782090e-05
5.364258276445600586e+02 7.030892497826119966e-05
5.364658276445600222e+02 6.993468298418206621e-05
5.365058276445599859e+02 6.956354907372829530e-05
5.365458276445599495e+02 6.919548709611533191e-05
5.365858276445600268e+02 6.883046143867648404e-05
5.366258276445599904e+02 6.846843701654825684e-05
5.366658276445599540e+02 6.810937926258239360e-05
5.367058276445600313e+02 6.775325411747864656e-05
5.367458276445599950e+02 6.740002802012930606e-05
5.367858276445599586e+02 6.704966789817233021e-05
5.368258276445600359e+02 6.670214115874514675e-05
5.368658276445599995e+02 6.635741567943332676e-05
5.369058276445599631e+02 6.601545979940693374e-05
5.369458276445600404e+02 6.567624231074271847e-05
5.369858276445600040e+02 6.533973244992138550e-05
5.370258276445599677e+02 6.500589988949876557e-05
5.370658276445600450e+02 6.467471472994253221e-05
5.371058276445600086e+02 6.434614749163203654e-05
5.371458276445599722e+02 6.402016910701338625e-05
5.371858276445600495e+02 6.369675091290600123e-05
5.372258276445600131e+02 6.337586464295704076e-05
5.372658276445599768e+02 6.305748242023586898e-05
5.373058276445600541e+02 6.274157674996689172e-05
5.373458276445600177e+02 6.242812051239356814e-05
5.373858276445599813e+02 6.211708695577015504e-05
5.374258276445600586e+02 6.180844968947696880e-05
5.374658276445600222e+02 6.150218267725368994e-05
5.375058276445599859e+02 6.119826023054650884e-05
5.375458276445599495e+02 6.089665700196443028e-05
5.375858276445600268e+02 6.059734797884098280e-05
5.376258276445599904e+02 6.030030847689568142e-05
5.376658276445599540e+02 6.000551413399144227e-05
5.377058276445600313e+02 5.971294090398389007e-05
5.377458276445599950e+02 5.942256505065639222e-05
5.377858276445599586e+02 5.913436314173793260e-05
5.378258276445600359e+02 5.884831204299828230e-05
5.378658276445599995e+02 5.856438891241562211e-05
5.379058276445599631e+02 5.828257119441227326e-05
5.379458276445600404e+02 5.800283661415331186e-05
5.379858276445600040e+02 5.772516317190274775e-05
5.380258276445599677e+02 5.744952913743299857e-05
5.380658276445600450e+02 5.717591304448086265e-05
5.381058276445600086e+02 5.690429368524572832e-05
5.381458276445599722e+02 5.663465010492367704e-05
5.381858276445600495e+02 5.636696159627167319e-05
5.382258276445600131e+02 5.610120769419479317e-05
5.382658276445599768e+02 5.583736817035151319e-05
5.383058276445600541e+02 5.557542302776899206e-05
5.383458276445600177e+02 5.531535249546059023e-05
5.383858276445599813e+02 5.505713702303993956e-05
5.384258276445600586e+02 5.480075727532133194e-05
5.384658276445600222e+02 5.454619412689876265e-05
5.385058276445599859e+02 5.429342865669448050e-05
5.385458276445599495e+02 5.404244214246717857e-05
5.385858276445600268e+02 5.379321605526882764e-05
5.386258276445599904e+02 5.354573205383857847e-05
5.386658276445599540e+02 5.329997197892333814e-05
5.387058276445600313e+02 5.305591784750974670e-05
5.387458276445599950e+02 5.281355184695392038e-05
5.387858276445599586e+02 5.257285632899486667e-05
5.388258276445600359e+02 5.233381380363212338e-05
5.388658276445599995e+02 5.209640693285274107e-05
5.389058276445599631e+02 5.186061852418461692e-05
5.389458276445600404e+02 5.162643152405684065e-05
5.389858276445600040e+02 5.139382901094092311e-05
5.390258276445599677e+02 5.116279418824988876e-05
5.390658276445600450e+02 5.093331037696320038e-05
5.391058276445600086e+02 5.070536100794852065e-05
5.391458276445599722e+02 5.047892961394417937e-05
5.391858276445600495e+02 5.025399982116383690e-05
5.392258276445600131e+02 5.003055534048219153e-05
5.392658276445599768e+02 4.980857995815250809e-05
5.393058276445600541e+02 4.958805752600475939e-05
5.393458276445600177e+02 4.936897195106643691e-05
5.393858276445599813e+02 4.915130718453916236e-05
5.394258276445600586e+02 4.893504721006080324e-05
5.394658276445600222e+02 4.872017603117055753e-05
5.395058276445599859e+02 4.850667765788541270e-05
5.395458276445599495e+02 4.829453609228760231e-05
5.395858276445600268e+02 4.808373531300627797e-05
5.396258276445599904e+02 4.787425925846504083e-05
5.396658276445599540e+02 4.766609180874779286e-05
5.397058276445600313e+02 4.745921676591930192e-05
5.397458276445599950e+02 4.725361783261014883e-05
5.397858276445599586e+02 4.704927858865509796e-05
5.398258276445600359e+02 4.684618246554060682e-05
5.398658276445599995e+02 4.664431271838503717e-05
5.399058276445599631e+02 4.644365239513382180e-05
5.399458276445600404e+02 4.624418430260713816e-05
5.399858276445600040e+02 4.604589096898206117e-05
5.400258276445599677e+02 4.584875460222736902e-05
5.400658276445600450e+02 4.565275704393683234e-05
5.401058276445600086e+02 4.545787971791575758e-05
5.401458276445599722e+02 4.526410357277471820e-05
5.401858276445600495e+02 4.507140901765981170e-05
5.402258276445600131e+02 4.487977585010218310e-05
5.402658276445599768e+02 4.468918317479665225e-05
5.403058276445600541e+02 4.449960931190925892e-05
5.403458276445600177e+02 4.431103169326216715e-05
5.403858276445599813e+02 4.412342674444357220e-05
5.404258276445600586e+02 4.393676975052085220e-05
5.404658276445600222e+02 4.375103470259243850e-05
5.405058276445599859e+02 4.356619412186777329e-05
5.405458276445599495e+02 4.338221885729755207e-05
5.405858276445600268e+02 4.319907785195442032e-05
5.406258276445599904e+02 4.301673787234390332e-05
5.406658276445599540e+02 4.283516319355912906e-05
5.407058276445600313e+02 4.265431523160260964e-05
5.407458276445599950e+02 4.247415211220092107e-05
5.407858276445599586e+02 4.229462816290867089e-05
5.408258276445600359e+02 4.211569331206839971e-05
5.408658276445599995e+02 4.193729237405967731e-05
5.409058276445599631e+02 4.175936419492156661e-05
5.409458276445600404e+02 4.158184062547615027e-05
5.409858276445600040e+02 4.140464527995148692e-05
5.410258276445599677e+02 4.122769202602980676e-05
5.410658276445600450e+02 4.105088313612933185e-05
5.411058276445600086e+02 4.087410700801865222e-05
5.411458276445599722e+02 4.069723533331278038e-05
5.411858276445600495e+02 4.052011955175246138e-05
5.412258276445600131e+02 4.034258637259709206e-05
5.412658276445599768e+02 4.016443206475379729e-05
5.413058276445600541e+02 3.998541510344135700e-05
5.413458276445600177e+02 3.980524659629212187e-05
5.413858276445599813e+02 3.962357766914888782e-05
5.414258276445600586e+02 3.943998262866285859e-05
5.414658276445600222e+02 3.925393616517668192e-05
5.415058276445599859e+02 3.906478199819788305e-05
5.415458276445599495e+02 3.887168899727993235e-05
5.415858276445600268e+02 3.867358857975463726e-05
5.416258276445599904e+02 3.846908345240908681e-05
5.416658276445599540e+02 3.825631132659884696e-05
5.417058276445600313e+02 3.803273576821223706e-05
5.417458276445599950e+02 3.779481515732197082e-05
5.417858276445599586e+02 3.753745998626282127e-05
5.418258276445600359e+02 3.725310684624576283e-05
5.418658276445599995e+02 3.693006508963641964e-05
5.419058276445599631e+02 3.654941251262767927e-05
5.419458276445600404e+02 3.607885306677444229e-05
5.419858276445600040e+02 3.546003261022641156e-05
5.420258276445599677e+02 3.458266904088327031e-05
5.420658276445600450e+02 3.324567033184723123e-05
5.421058276445600086e+02 3.121611025235866205e-05
