5.020964959484500127e+02 6.435842844526029074e-05
5.021364959484499764e+02 6.901319078543677690e-05
5.021764959484499968e+02 7.189504247966263886e-05
5.022164959484500173e+02 7.374471917808896602e-05
5.022564959484499809e+02 7.505955622179690716e-05
5.022964959484500014e+02 7.608186275845662844e-05
5.023364959484500218e+02 7.693203076769703950e-05
5.023764959484499855e+02 7.767432248849576203e-05
5.024164959484500059e+02 7.834555659131212546e-05
5.024564959484500264e+02 7.896815122322412190e-05
5.024964959484499900e+02 7.955646781249823434e-05
5.025364959484500105e+02 8.012010535660049051e-05
5.025764959484499741e+02 8.066571325665894995e-05
5.026164959484499946e+02 8.119804020052074581e-05
5.026564959484500150e+02 8.172056781068297684e-05
5.026964959484499786e+02 8.223590799536311638e-05
5.027364959484499991e+02 8.274606033695690386e-05
5.027764959484500196e+02 8.325258361977499338e-05
5.028164959484499832e+02 8.375671303482561678e-05
5.028564959484500037e+02 8.425944206278223442e-05
5.028964959484500241e+02 8.476158082415577693e-05
5.029364959484499877e+02 8.526379840551577289e-05
5.029764959484500082e+02 8.576665405853783116e-05
5.030164959484500287e+02 8.627062053394636977e-05
5.030564959484499923e+02 8.677610176579491198e-05
5.030964959484500127e+02 8.728344643738880420e-05
5.031364959484499764e+02 8.779295850443362219e-05
5.031764959484499968e+02 8.830490544211238657e-05
5.032164959484500173e+02 8.881952477009237535e-05
5.032564959484499809e+02 8.933702926081673983e-05
5.032964959484500014e+02 8.985761113113628748e-05
5.033364959484500218e+02 9.038144544180434672e-05
5.033764959484499855e+02 9.090869287452590605e-05
5.034164959484500059e+02 9.143950201603784692e-05
5.034564959484500264e+02 9.197401124885382865e-05
5.034964959484499900e+02 9.251235032600672718e-05
5.035364959484500105e+02 9.305464169026084415e-05
5.035764959484499741e+02 9.360100158542191198e-05
5.036164959484499946e+02 9.415154099754218843e-05
5.036564959484500150e+02 9.470636645616456451e-05
5.036964959484499786e+02 9.526558071985778415e-05
5.037364959484499991e+02 9.582928336559346145e-05
5.037764959484500196e+02 9.639757129788846437e-05
5.038164959484499832e+02 9.697053919068644506e-05
5.038564959484500037e+02 9.754827987264487054e-05
5.038964959484500241e+02 9.813088466461737051e-05
5.039364959484499877e+02 9.871844367661734940e-05
5.039764959484500082e+02 9.931104607031977153e-05
5.040164959484500287e+02 9.990878029217030670e-05
5.040564959484499923e+02 1.005117342813510956e-04
5.040964959484500127e+02 1.011199956561799991e-04
5.041364959484499764e+02 1.017336518819713054e-04
5.041764959484499968e+02 1.023527904229282935e-04
5.042164959484500173e+02 1.029774988802503022e-04
5.042564959484499809e+02 1.036078651183268965e-04
5.042964959484500014e+02 1.042439773806186972e-04
5.043364959484500218e+02 1.048859243966062001e-04
5.043764959484499855e+02 1.055337954809921065e-04
5.044164959484500059e+02 1.061876806261921981e-04
5.044564959484500264e+02 1.068476705890051984e-04
5.044964959484499900e+02 1.075138569722436008e-04
5.045364959484500105e+02 1.081863323020053948e-04
5.045764959484499741e+02 1.088651901011861986e-04
5.046164959484499946e+02 1.095505249597564983e-04
5.046564959484500150e+02 1.102424326022678975e-04
5.046964959484499786e+02 1.109410099530008060e-04
5.047364959484499991e+02 1.116463551991182953e-04
5.047764959484500196e+02 1.123585678521533038e-04
5.048164959484499832e+02 1.130777488081192994e-04
5.048564959484500037e+02 1.138040004065097021e-04
5.048964959484500241e+02 1.145374264884210948e-04
5.049364959484499877e+02 1.152781324540164945e-04
5.049764959484500082e+02 1.160262253195214942e-04
5.050164959484500287e+02 1.167818137739403019e-04
5.050564959484499923e+02 1.175450082356427047e-04
5.050964959484500127e+02 1.183159209089893057e-04
5.051364959484499764e+02 1.190946658411244055e-04
5.051764959484499968e+02 1.198813589790753063e-04
5.052164959484500173e+02 1.206761182272773957e-04
5.052564959484499809e+02 1.214790635056477012e-04
5.052964959484500014e+02 1.222903168083080993e-04
5.053364959484500218e+02 1.231100022630775889e-04
5.053764959484499855e+02 1.239382461918223045e-04
5.054164959484500059e+02 1.247751771717699957e-04
5.054564959484500264e+02 1.256209260978791902e-04
5.054964959484499900e+02 1.264756262463624908e-04
5.055364959484500105e+02 1.273394133394477063e-04
5.055764959484499741e+02 1.282124256114733905e-04
5.056164959484499946e+02 1.290948038764040901e-04
5.056564959484500150e+02 1.299866915968551006e-04
5.056964959484499786e+02 1.308882349547198893e-04
5.057364959484499991e+02 1.317995829234816908e-04
5.057764959484500196e+02 1.327208873423056884e-04
5.058164959484499832e+02 1.336523029920010097e-04
5.058564959484500037e+02 1.345939876729438007e-04
5.058964959484500241e+02 1.355461022850564076e-04
5.059364959484499877e+02 1.365088109099369925e-04
5.059764959484500082e+02 1.374822808952404132e-04
5.060164959484500287e+02 1.384666829414078922e-04
5.060564959484499923e+02 1.394621911908511020e-04
5.060964959484500127e+02 1.404689833196942899e-04
5.061364959484499764e+02 1.414872406321848958e-04
5.061764959484499968e+02 1.425171481578904067e-04
5.062164959484500173e+02 1.435588947517861004e-04
5.062564959484499809e+02 1.446126731973708043e-04
5.062964959484500014e+02 1.456786803129216080e-04
5.063364959484500218e+02 1.467571170610269869e-04
5.063764959484499855e+02 1.478481886615290919e-04
5.064164959484500059e+02 1.489521047080185885e-04
5.064564959484500264e+02 1.500690792880219108e-04
5.064964959484499900e+02 1.511993311070464034e-04
5.065364959484500105e+02 1.523430836166241920e-04
5.065764959484499741e+02 1.535005651465348123e-04
5.066164959484499946e+02 1.546720090413754084e-04
5.066564959484500150e+02 1.558576538016514038e-04
5.066964959484499786e+02 1.570577432295904995e-04
5.067364959484499991e+02 1.582725265798629033e-04
5.067764959484500196e+02 1.595022587154215957e-04
5.068164959484499832e+02 1.607472002686777918e-04
5.068564959484500037e+02 1.620076178082339969e-04
5.068964959484500241e+02 1.632837840114177057e-04
5.069364959484499877e+02 1.645759778428551926e-04
5.069764959484500082e+02 1.658844847393540025e-04
5.070164959484479823e+02 1.672095968013606951e-04
5.070564959484480028e+02 1.685516129912826991e-04
5.070964959484480232e+02 1.699108393389804031e-04
5.071364959484479868e+02 1.712875891547324073e-04
5.071764959484480073e+02 1.726821832500187947e-04
5.072164959484480278e+02 1.740949501664686887e-04
5.072564959484479914e+02 1.755262264133337056e-04
5.072964959484480119e+02 1.769763567138802978e-04
5.073364959484479755e+02 1.784456942611069134e-04
5.073764959484479959e+02 1.799346009832136902e-04
5.074164959484480164e+02 1.814434478192748985e-04
5.074564959484479800e+02 1.829726150055982015e-04
5.074964959484480005e+02 1.845224923732639930e-04
5.075364959484480210e+02 1.860934796573849052e-04
5.075764959484479846e+02 1.876859868186330101e-04
5.076164959484480050e+02 1.893004343776453103e-04
5.076564959484480255e+02 1.909372537629158099e-04
5.076964959484479891e+02 1.925968876728429021e-04
5.077364959484480096e+02 1.942797904526343922e-04
5.077764959484479732e+02 1.959864284868074135e-04
5.078164959484479937e+02 1.977172806080658950e-04
5.078564959484480141e+02 1.994728385233954032e-04
5.078964959484479778e+02 2.012536072582430996e-04
5.079364959484479982e+02 2.030601056197359091e-04
5.079764959484480187e+02 2.048928666799101873e-04
5.080164959484479823e+02 2.067524382800177895e-04
5.080564959484480028e+02 2.086393835570296898e-04
5.080964959484480232e+02 2.105542814935162986e-04
5.081364959484479868e+02 2.124977274921837039e-04
5.081764959484480073e+02 2.144703339764059905e-04
5.082164959484480278e+02 2.164727310181886874e-04
5.082564959484479914e+02 2.185055669950964046e-04
5.082964959484480119e+02 2.205695092777754096e-04
5.083364959484479755e+02 2.226652449498125054e-04
5.083764959484479959e+02 2.247934815617843869e-04
5.084164959484480164e+02 2.269549479214909987e-04
5.084564959484479800e+02 2.291503949224948933e-04
5.084964959484480005e+02 2.313805964132333048e-04
5.085364959484480210e+02 2.336463501091474895e-04
5.085764959484479846e+02 2.359484785504284085e-04
5.086164959484480050e+02 2.382878301081819039e-04
5.086564959484480255e+02 2.406652800420079890e-04
5.086964959484479891e+02 2.430817316122298904e-04
5.087364959484480096e+02 2.455381172502261902e-04
5.087764959484479732e+02 2.480353997906015770e-04
5.088164959484479937e+02 2.505745737692162108e-04
5.088564959484480141e+02 2.531566667913780124e-04
5.088964959484479778e+02 2.557827409748998984e-04
5.089364959484479982e+02 2.584538944730219233e-04
5.089764959484480187e+02 2.611712630826697819e-04
5.090164959484479823e+02 2.639360219439160736e-04
5.090564959484480028e+02 2.667493873370353741e-04
5.090964959484480232e+02 2.696126185840470152e-04
5.091364959484479868e+02 2.725270200622342104e-04
5.091764959484480073e+02 2.754939433377838909e-04
5.092164959484480278e+02 2.785147894283863186e-04
5.092564959484479914e+02 2.815910112044014827e-04
5.092964959484480119e+02 2.847241159390928871e-04
5.093364959484479755e+02 2.879156680193382749e-04
5.093764959484479959e+02 2.911672918293081139e-04
5.094164959484480164e+02 2.944806748207520254e-04
5.094564959484479800e+02 2.978575707848117268e-04
5.094964959484480005e+02 3.012998033417335110e-04
5.095364959484480210e+02 3.048092696664203940e-04
5.095764959484479846e+02 3.083879444695566811e-04
5.096164959484480050e+02 3.120378842559945790e-04
5.096564959484480255e+02 3.157612318843057170e-04
5.096964959484479891e+02 3.195602214538943221e-04
5.097364959484480096e+02 3.234371835487826049e-04
5.097764959484479732e+02 3.273945508703401779e-04
5.098164959484479937e+02 3.314348642947072807e-04
5.098564959484480141e+02 3.355607793945673779e-04
5.098964959484479778e+02 3.397750734694145853e-04
5.099364959484479982e+02 3.440806531334731125e-04
5.099764959484480187e+02 3.484805625160899934e-04
5.100164959484479823e+02 3.529779921359485159e-04
5.100564959484480028e+02 3.575762885177525153e-04
5.100964959484480232e+02 3.622789646284790941e-04
5.101364959484479868e+02 3.670897112198624854e-04
5.101764959484480073e+02 3.720124091747738855e-04
5.102164959484480278e+02 3.770511429678430142e-04
5.102564959484479914e+02 3.822102153651543818e-04
5.102964959484480119e+02 3.874941635047426773e-04
5.103364959484479755e+02 3.929077765190192896e-04
5.103764959484479959e+02 3.984561148829502070e-04
5.104164959484480164e+02 4.041445316981108851e-04
5.104564959484479800e+02 4.099786961536304257e-04
5.104964959484480005e+02 4.159646194411438904e-04
5.105364959484480210e+02 4.221086834434713904e-04
5.105764959484479846e+02 4.284176725670602059e-04
5.106164959484480050e+02 4.348988091478870081e-04
5.106564959484480255e+02 4.415597929316567006e-04
5.106964959484479891e+02 4.484088452142520153e-04
5.107364959484480096e+02 4.554547583307106112e-04
5.107764959484479732e+02 4.627069513046963242e-04
5.108164959484479937e+02 4.701755326207143824e-04
5.108564959484480141e+02 4.778713712649034157e-04
5.108964959484479778e+02 4.858061774059594198e-04
5.109364959484479982e+02 4.939925943671001976e-04
5.109764959484480187e+02 5.024443038879709963e-04
5.110164959484479823e+02 5.111761471124062544e-04
5.110564959484480028e+02 5.202042642910006736e-04
5.110964959484480232e+02 5.295462568936366680e-04
5.111364959484479868e+02 5.392213767372322237e-04
5.111764959484480073e+02 5.492507479189812384e-04
5.112164959484480278e+02 5.596576289054128531e-04
5.112564959484479914e+02 5.704677242057613982e-04
5.112964959484480119e+02 5.817095578625213924e-04
5.113364959484479755e+02 5.934149248292126767e-04
5.113764959484479959e+02 6.056194416352881846e-04
5.114164959484480164e+02 6.183632252617891770e-04
5.114564959484479800e+02 6.316917399588334444e-04
5.114964959484480005e+02 6.456568675522742547e-04
5.115364959484480210e+02 6.603182804001501635e-04
5.115764959484479846e+02 6.757452321671691183e-04
5.116164959484480050e+02 6.920189377330647831e-04
5.116564959484480255e+02 7.092358031618085533e-04
5.116964959484479891e+02 7.275119131192725984e-04
5.117364959484480096e+02 7.469894282033009286e-04
5.117764959484479732e+02 7.678459637964641510e-04
5.118164959484479937e+02 7.903087513461801335e-04
5.118564959484480141e+02 8.146766599451919907e-04
5.118964959484479778e+02 8.413553481543396785e-04
5.119364959484479982e+02 8.709142477901408129e-04
5.119764959484480187e+02 9.041776785219139342e-04
5.120164959484479823e+02 9.423565895686350025e-04
5.120564959484479459e+02 9.871628795463860059e-04
5.120964959484480232e+02 1.040532205578725963e-03
5.121364959484479868e+02 1.102640919432970948e-03
5.121764959484479505e+02 1.166940883462630951e-03
5.122164959484480278e+02 1.220963670517786082e-03
5.122564959484479914e+02 1.263367495616705928e-03
5.122964959484479550e+02 1.309278653033225893e-03
5.123364959484480323e+02 1.371894900582386898e-03
5.123764959484479959e+02 1.457714749539000022e-03
5.124164959484479596e+02 1.572383536374503954e-03
5.124564959484480369e+02 1.723917193043558076e-03
5.124964959484480005e+02 1.922264298118489013e-03
5.125364959484479641e+02 2.173824203602950020e-03
5.125764959484480414e+02 2.462872202196372123e-03
5.126164959484480050e+02 2.739402613571135896e-03
5.126564959484479687e+02 2.988009088913409859e-03
5.126964959484480460e+02 3.300355960944988988e-03
5.127364959484480096e+02 3.793347199186095867e-03
5.127764959484479732e+02 4.533906954910858593e-03
5.128164959484480505e+02 5.488866597597565414e-03
5.128564959484480141e+02 6.466940837506881569e-03
5.128964959484479778e+02 7.099319432831961013e-03
5.129364959484480551e+02 7.044551594290398601e-03
5.129764959484480187e+02 6.524363897725128647e-03
5.130164959484479823e+02 6.098322377033419013e-03
5.130564959484479459e+02 6.082077598873134212e-03
5.130964959484480232e+02 6.518489499067515319e-03
5.131364959484479868e+02 7.274870245976914306e-03
5.131764959484479505e+02 7.972432237456455323e-03
5.132164959484480278e+02 8.224119957136807532e-03
5.132564959484479914e+02 8.219017530071736841e-03
5.132964959484479550e+02 8.509992235185422429e-03
5.133364959484480323e+02 9.412945633245016139e-03
5.133764959484479959e+02 1.079550342292178063e-02
5.134164959484479596e+02 1.211379952769820953e-02
5.134564959484480369e+02 1.285600125251827944e-02
5.134964959484480005e+02 1.297335946210870922e-02
5.135364959484479641e+02 1.260461107850245968e-02
5.135764959484480414e+02 1.167826532273871960e-02
5.136164959484480050e+02 1.029307747353492945e-02
5.136564959484479687e+02 8.927653663376517584e-03
5.136964959484480460e+02 7.897373921682375453e-03
5.137364959484480096e+02 7.311226510730781114e-03
5.137764959484479732e+02 7.156901972200018641e-03
5.138164959484480505e+02 7.351512175523376366e-03
5.138564959484480141e+02 7.762865752989787579e-03
5.138964959484479778e+02 8.164624605563637963e-03
5.139364959484480551e+02 8.319242089295479994e-03
5.139764959484480187e+02 8.077255218940837880e-03
5.140164959484479823e+02 7.590043726098277301e-03
5.140564959484479459e+02 7.230408147199100799e-03
5.140964959484480232e+02 7.099887247318490378e-03
5.141364959484479868e+02 6.930579353653556172e-03
5.141764959484479505e+02 6.502625076360540012e-03
5.142164959484480278e+02 5.992548320199642294e-03
5.142564959484479914e+02 5.629209669809774087e-03
5.142964959484479550e+02 5.478672832607058354e-03
5.143364959484480323e+02 5.528880228895665348e-03
5.143764959484479959e+02 5.765463553597177833e-03
5.144164959484479596e+02 6.190711236001827239e-03
5.144564959484480369e+02 6.827665950647142726e-03
5.144964959484480005e+02 7.699034419923071575e-03
5.145364959484479641e+02 8.740016842982333001e-03
5.145764959484480414e+02 9.825016526805830513e-03
5.146164959484480050e+02 1.101334943512569976e-02
5.146564959484479687e+02 1.244605893096297974e-02
5.146964959484480460e+02 1.392007064869216042e-02
5.147364959484480096e+02 1.491793306735574032e-02
5.147764959484479732e+02 1.506287313329186979e-02
5.148164959484480505e+02 1.458551836396626035e-02
5.148564959484480141e+02 1.412266495477288060e-02
5.148964959484479778e+02 1.415355728632471978e-02
5.149364959484480551e+02 1.476814754489400028e-02
5.149764959484480187e+02 1.570806464805163047e-02
5.150164959484479823e+02 1.655548435333481158e-02
5.150564959484479459e+02 1.705659885754375049e-02
5.150964959484480232e+02 1.733095741865332134e-02
5.151364959484479868e+02 1.777518940315965870e-02
5.151764959484479505e+02 1.853886659911763851e-02
5.152164959484480278e+02 1.953940493654856073e-02
5.152564959484479914e+02 2.082031132040635876e-02
5.152964959484479550e+02 2.251044582595320906e-02
5.153364959484480323e+02 2.472949532560709054e-02
5.153764959484479959e+02 2.779741762672355981e-02
5.154164959484479596e+02 3.199105839888338743e-02
5.154564959484480369e+02 3.698491069875611825e-02
5.154964959484480005e+02 4.180098397486489009e-02
5.155364959484479641e+02 4.636127248333930806e-02
5.155764959484480414e+02 5.245187015063398212e-02
5.156164959484480050e+02 6.168301272473401820e-02
5.156564959484479687e+02 7.422177356139823823e-02
5.156964959484480460e+02 8.966864359138153329e-02
5.157364959484480096e+02 1.081100503388505024e-01
5.157764959484479732e+02 1.273562562630159989e-01
5.158164959484480505e+02 1.408321996508341001e-01
5.158564959484480141e+02 1.438496543280610995e-01
5.158964959484479778e+02 1.382306080873975940e-01
5.159364959484480551e+02 1.301586786200155110e-01
5.159764959484480187e+02 1.270498752353506067e-01
5.160164959484477549e+02 1.344730651234563035e-01
5.160564959484478322e+02 1.543134585880445997e-01
5.160964959484476822e+02 1.824136706334013869e-01
5.161364959484477595e+02 2.035129755210464964e-01
5.161764959484477231e+02 2.004924052938061030e-01
5.162164959484478004e+02 1.786206318009566085e-01
5.162564959484476503e+02 1.545284789438136908e-01
5.162964959484478413e+02 1.343864044300714933e-01
5.163364959484476913e+02 1.193329957852309053e-01
5.163764959484477686e+02 1.123440002498577034e-01
5.164164959484477322e+02 1.142120906503831940e-01
5.164564959484476958e+02 1.202604243532705980e-01
5.164964959484477731e+02 1.229580236160327938e-01
5.165364959484477367e+02 1.207037741262950992e-01
5.165764959484478140e+02 1.159409236536446952e-01
5.166164959484476640e+02 1.068370520136873031e-01
5.166564959484478550e+02 9.309779479668135738e-02
5.166964959484477049e+02 8.022194036752264279e-02
5.167364959484477822e+02 7.273380020759971643e-02
5.167764959484477458e+02 7.100187867501768502e-02
5.168164959484478231e+02 7.180064171115331517e-02
5.168564959484476731e+02 7.008900779115714852e-02
5.168964959484477504e+02 6.426548943523467672e-02
5.169364959484477140e+02 5.725016612750954276e-02
5.169764959484477913e+02 5.095885359708254847e-02
5.170164959484477549e+02 4.548727608110988974e-02
5.170564959484477185e+02 4.155520443418309756e-02
5.170964959484477959e+02 4.003862241913484082e-02
5.171364959484477595e+02 4.085239047453158301e-02
5.171764959484477231e+02 4.322018275240874230e-02
5.172164959484478004e+02 4.653588957887572902e-02
5.172564959484476503e+02 4.955454293008883238e-02
5.172964959484478413e+02 4.970038902641610995e-02
5.173364959484476913e+02 4.666563074849829074e-02
5.173764959484477686e+02 4.375836615040328004e-02
5.174164959484477322e+02 4.328236948691328162e-02
5.174564959484476958e+02 4.429154424832573711e-02
5.174964959484477731e+02 4.385763730758340806e-02
5.175364959484477367e+02 4.076506428164421852e-02
5.175764959484478140e+02 3.682171137231903674e-02
5.176164959484476640e+02 3.395219335403130284e-02
5.176564959484478550e+02 3.287327566716678751e-02
5.176964959484477049e+02 3.364667286381862327e-02
5.177364959484477822e+02 3.646428892171141301e-02
5.177764959484477458e+02 4.100653199621825257e-02
5.178164959484478231e+02 4.500896852616199234e-02
5.178564959484476731e+02 4.526595733486894063e-02
5.178964959484477504e+02 4.219013148074655245e-02
5.179364959484477140e+02 3.946347806050794910e-02
5.179764959484477913e+02 3.966290262874388323e-02
5.180164959484479823e+02 4.358201989567778156e-02
5.180564959484479459e+02 5.101612191431625226e-02
5.180964959484480232e+02 5.987539815132832816e-02
5.181364959484479868e+02 6.506472361092946466e-02
5.181764959484479505e+02 6.221161425810436268e-02
5.182164959484480278e+02 5.314562550720643153e-02
5.182564959484479914e+02 4.291371647424937347e-02
5.182964959484479550e+02 3.487197502187026205e-02
5.183364959484480323e+02 2.984133714758004097e-02
5.183764959484479959e+02 2.746607571351687010e-02
5.184164959484479596e+02 2.725070114829725859e-02
5.184564959484480369e+02 2.889784068436739017e-02
5.184964959484480005e+02 3.209061100712470860e-02
5.185364959484479641e+02 3.602550692425743328e-02
5.185764959484480414e+02 3.957139405543062816e-02
5.186164959484480050e+02 4.078188858450212950e-02
5.186564959484479687e+02 3.734715538537097118e-02
5.186964959484480460e+02 3.057876897327728091e-02
5.187364959484480096e+02 2.383843332088559155e-02
5.187764959484479732e+02 1.872349085228993890e-02
5.188164959484480505e+02 1.519464850105020984e-02
5.188564959484480141e+02 1.282301757743615003e-02
5.188964959484479778e+02 1.125334932834832005e-02
5.189364959484480551e+02 1.026329321101156038e-02
5.189764959484480187e+02 9.736238699505968264e-03
5.190164959484479823e+02 9.630565558860161926e-03
5.190564959484479459e+02 9.942286437393532683e-03
5.190964959484480232e+02 1.061987008703858988e-02
5.191364959484479868e+02 1.145904499701362080e-02
5.191764959484479505e+02 1.225409826520918073e-02
5.192164959484480278e+02 1.301585973552609084e-02
5.192564959484479914e+02 1.353221502467391937e-02
5.192964959484479550e+02 1.320543724150538036e-02
5.193364959484480323e+02 1.183231527309419086e-02
5.193764959484479959e+02 1.013996682759710048e-02
5.194164959484479596e+02 8.772159368940704235e-03
5.194564959484480369e+02 7.864212642561060548e-03
5.194964959484480005e+02 7.338474534300157281e-03
5.195364959484479641e+02 7.099550979221278327e-03
5.195764959484480414e+02 7.069290319073705600e-03
5.196164959484480050e+02 7.190197175071352115e-03
5.196564959484479687e+02 7.453402472470359308e-03
5.196964959484480460e+02 7.884780590135006054e-03
5.197364959484480096e+02 8.513928904810242823e-03
5.197764959484479732e+02 9.428040837759377873e-03
5.198164959484480505e+02 1.080674818679848957e-02
5.198564959484480141e+02 1.289867790353741057e-02
5.198964959484479778e+02 1.599992724495940058e-02
5.199364959484480551e+02 2.025151333199131862e-02
5.199764959484480187e+02 2.488743685409742015e-02
5.200164959484479823e+02 2.756252570072423996e-02
5.200564959484479459e+02 2.656072681988182888e-02
5.200964959484480232e+02 2.371536429958364875e-02
5.201364959484479868e+02 2.140069803955858135e-02
5.201764959484479505e+02 2.028894304516102101e-02
5.202164959484480278e+02 2.001635034666192012e-02
5.202564959484479914e+02 2.004015170144538005e-02
5.202964959484479550e+02 2.018731133672597988e-02
5.203364959484480323e+02 2.064206528812898012e-02
5.203764959484479959e+02 2.174718833594529999e-02
5.204164959484479596e+02 2.396413809742332923e-02
5.204564959484480369e+02 2.780545407819782003e-02
5.204964959484480005e+02 3.345902691351394787e-02
5.205364959484479641e+02 4.034406661732253124e-02
5.205764959484480414e+02 4.730863179179155276e-02
5.206164959484480050e+02 5.328169617389001689e-02
5.206564959484479687e+02 5.634105764870989130e-02
5.206964959484480460e+02 5.472073687855318752e-02
5.207364959484480096e+02 5.077553506838085318e-02
5.207764959484479732e+02 4.737005881002173679e-02
5.208164959484480505e+02 4.489169081630466768e-02
5.208564959484480141e+02 4.270748546744383700e-02
5.208964959484479778e+02 4.186758481265472759e-02
5.209364959484480551e+02 4.401591440059139659e-02
5.209764959484480187e+02 4.994954760887722334e-02
5.210164959484479823e+02 5.868631846638624333e-02
5.210564959484479459e+02 6.512330856931976275e-02
5.210964959484480232e+02 6.269798899937281678e-02
5.211364959484479868e+02 5.271064247711314266e-02
5.211764959484479505e+02 4.179759270852820285e-02
5.212164959484480278e+02 3.363951835254037209e-02
5.212564959484479914e+02 2.861750263737234887e-02
5.212964959484479550e+02 2.623759730738610060e-02
5.213364959484480323e+02 2.612249181098309087e-02
5.213764959484479959e+02 2.810559569270955002e-02
5.214164959484479596e+02 3.191424551682805338e-02
5.214564959484480369e+02 3.653843474412808712e-02
5.214964959484480005e+02 3.944936643191952058e-02
5.215364959484479641e+02 3.784488886048926332e-02
5.215764959484480414e+02 3.244948768751890894e-02
5.216164959484480050e+02 2.648840260826024889e-02
5.216564959484479687e+02 2.192129317108950162e-02
5.216964959484480460e+02 1.899815918060229064e-02
5.217364959484480096e+02 1.740936140356302148e-02
5.217764959484479732e+02 1.687542525585479167e-02
5.218164959484480505e+02 1.727574550386412958e-02
5.218564959484480141e+02 1.865920198495244972e-02
5.218964959484479778e+02 2.122260677669314879e-02
5.219364959484480551e+02 2.517794152582537165e-02
5.219764959484480187e+02 3.032005308162027957e-02
5.220164959484479823e+02 3.534031743621018906e-02
5.220564959484479459e+02 3.819492691128076323e-02
5.220964959484480232e+02 3.826592789168026254e-02
5.221364959484479868e+02 3.740706362585922290e-02
5.221764959484479505e+02 3.812990800967484134e-02
5.222164959484480278e+02 4.035283185272701967e-02
5.222564959484479914e+02 4.225857101552776135e-02
5.222964959484479550e+02 4.227025185915953692e-02
5.223364959484480323e+02 4.057021213792427056e-02
5.223764959484479959e+02 3.876877212579526999e-02
5.224164959484479596e+02 3.863343404000110781e-02
5.224564959484480369e+02 4.117973848036751705e-02
5.224964959484480005e+02 4.644289399098318338e-02
5.225364959484479641e+02 5.308731049251842748e-02
5.225764959484480414e+02 5.826961719362486192e-02
5.226164959484480050e+02 6.011394378828546770e-02
5.226564959484479687e+02 5.959512694526861859e-02
5.226964959484480460e+02 5.742364529559732672e-02
5.227364959484480096e+02 5.392717849775224143e-02
5.227764959484479732e+02 5.095552491992263316e-02
5.228164959484480505e+02 5.024258710000380213e-02
5.228564959484480141e+02 5.200221261764124275e-02
5.228964959484479778e+02 5.530342728805148766e-02
5.229364959484480551e+02 5.872939717389816239e-02
5.229764959484480187e+02 6.113031100426802311e-02
5.230164959484479823e+02 6.207071471157894760e-02
5.230564959484479459e+02 6.122830684951045127e-02
5.230964959484480232e+02 5.880366054199247239e-02
5.231364959484479868e+02 5.557561566377253182e-02
5.231764959484479505e+02 5.197673362710898692e-02
5.232164959484480278e+02 4.821351532822176766e-02
5.232564959484479914e+02 4.499234759636302344e-02
5.232964959484479550e+02 4.317858252581077694e-02
5.233364959484480323e+02 4.296119297988090779e-02
5.233764959484479959e+02 4.362306596685532750e-02
5.234164959484479596e+02 4.461553337040125716e-02
5.234564959484480369e+02 4.687818669133075877e-02
5.234964959484480005e+02 5.179454657147822272e-02
5.235364959484479641e+02 5.958393647649992686e-02
5.235764959484480414e+02 6.855545425456047171e-02
5.236164959484480050e+02 7.582246629044187003e-02
5.236564959484479687e+02 7.866221626191939598e-02
5.236964959484480460e+02 7.564275458995951829e-02
5.237364959484480096e+02 6.955535956682991350e-02
5.237764959484479732e+02 6.506798709566742611e-02
5.238164959484480505e+02 6.491039785434239706e-02
5.238564959484480141e+02 7.002728993283571790e-02
5.238964959484479778e+02 8.000878592508117726e-02
5.239364959484480551e+02 9.177815498711469622e-02
5.239764959484480187e+02 9.999019481174131752e-02
5.240164959484479823e+02 1.028612794728657048e-01
5.240564959484479459e+02 1.044956657816411005e-01
5.240964959484480232e+02 1.071205698539369061e-01
5.241364959484479868e+02 1.075896866154414933e-01
5.241764959484479505e+02 1.017593028006130995e-01
5.242164959484480278e+02 8.895464700095882804e-02
5.242564959484479914e+02 7.306042852672792187e-02
5.242964959484479550e+02 5.857402037128023320e-02
5.243364959484480323e+02 4.736099759898255990e-02
5.243764959484479959e+02 3.905658945063986837e-02
5.244164959484479596e+02 3.289641154921527089e-02
5.244564959484480369e+02 2.855311532422611862e-02
5.244964959484480005e+02 2.589380460055498018e-02
5.245364959484479641e+02 2.480395951538681004e-02
5.245764959484480414e+02 2.511955109471019146e-02
5.246164959484480050e+02 2.635794879335534927e-02
5.246564959484479687e+02 2.739213712836530146e-02
5.246964959484480460e+02 2.699663825521307972e-02
5.247364959484480096e+02 2.506517967650125078e-02
5.247764959484479732e+02 2.250040706810884153e-02
5.248164959484480505e+02 2.033353579018489996e-02
5.248564959484480141e+02 1.892881126122402877e-02
5.248964959484479778e+02 1.808408943575088093e-02
5.249364959484480551e+02 1.750166968510865131e-02
5.249764959484480187e+02 1.685850717205474025e-02
5.250164959484479823e+02 1.588315686425556886e-02
5.250564959484479459e+02 1.458230684020971925e-02
5.250964959484480232e+02 1.328525751194663956e-02
5.251364959484479868e+02 1.211055949865865941e-02
5.251764959484479505e+02 1.086214973735991074e-02
5.252164959484480278e+02 9.478716485427389135e-03
5.252564959484479914e+02 8.192575365089396766e-03
5.252964959484479550e+02 7.192726790421199827e-03
5.253364959484480323e+02 6.498991064695231780e-03
5.253764959484479959e+02 6.058980440586388821e-03
5.254164959484479596e+02 5.826761090213396395e-03
5.254564959484480369e+02 5.792593973569856204e-03
5.254964959484480005e+02 5.934167629212900273e-03
5.255364959484479641e+02 6.115237286013086408e-03
5.255764959484480414e+02 6.089779316785240426e-03
5.256164959484480050e+02 5.734994006333213670e-03
5.256564959484479687e+02 5.169659540485745629e-03
5.256964959484480460e+02 4.568846375355740085e-03
5.257364959484480096e+02 4.053635321813599084e-03
5.257764959484479732e+02 3.665799420074159886e-03
5.258164959484480505e+02 3.393720859997998839e-03
5.258564959484480141e+02 3.217001109404152986e-03
5.258964959484479778e+02 3.126020456397645992e-03
5.259364959484480551e+02 3.122743195862494065e-03
5.259764959484480187e+02 3.220185960706771055e-03
5.260164959484479823e+02 3.441664156786922949e-03
5.260564959484479459e+02 3.807161941108814021e-03
5.260964959484480232e+02 4.280924015808902985e-03
5.261364959484479868e+02 4.684603726605850865e-03
5.261764959484479505e+02 4.755137385671980889e-03
5.262164959484480278e+02 4.419972294304794387e-03
5.262564959484479914e+02 3.857171420906696166e-03
5.262964959484479550e+02 3.288853080041793941e-03
5.263364959484480323e+02 2.829796336192002063e-03
5.263764959484479959e+02 2.494006524255249022e-03
5.264164959484479596e+02 2.256491348013528811e-03
5.264564959484480369e+02 2.090123420779241899e-03
5.264964959484480005e+02 1.975274231082345920e-03
5.265364959484479641e+02 1.899613094357905036e-03
5.265764959484480414e+02 1.856266963368238994e-03
5.266164959484480050e+02 1.842438790650271010e-03
5.266564959484479687e+02 1.858765905673998107e-03
5.266964959484480460e+02 1.909386705308353934e-03
5.267364959484480096e+02 2.002751083581434839e-03
5.267764959484479732e+02 2.153353582418859880e-03
5.268164959484480505e+02 2.384644636416894878e-03
5.268564959484480141e+02 2.732932755115350873e-03
5.268964959484479778e+02 3.249271795788502126e-03
5.269364959484480551e+02 3.985094444019838048e-03
5.269764959484480187e+02 4.919121834674717621e-03
5.270164959484500287e+02 5.789635166200094059e-03
5.270564959484499923e+02 6.074665388984353334e-03
5.270964959484499559e+02 5.532469728311346924e-03
5.271364959484500332e+02 4.582378265426979673e-03
5.271764959484499968e+02 3.699677956356580907e-03
5.272164959484499605e+02 3.048393831690099105e-03
5.272564959484500378e+02 2.615637663188901015e-03
5.272964959484500014e+02 2.353451468944917080e-03
5.273364959484499650e+02 2.226698996792621146e-03
5.273764959484500423e+02 2.220307855144002841e-03
5.274164959484500059e+02 2.334298286869998951e-03
5.274564959484499695e+02 2.564742104243127215e-03
5.274964959484500469e+02 2.851987496871721990e-03
5.275364959484500105e+02 3.024193470118376192e-03
5.275764959484499741e+02 2.914596149849626831e-03
5.276164959484500514e+02 2.590269150142596784e-03
5.276564959484500150e+02 2.234362382272044034e-03
5.276964959484499786e+02 1.934839719107564991e-03
5.277364959484500559e+02 1.695715452821831013e-03
5.277764959484500196e+02 1.511925207583529910e-03
5.278164959484499832e+02 1.379460345351415105e-03
5.278564959484499468e+02 1.290039859605220107e-03
5.278964959484500241e+02 1.234790197601150002e-03
5.279364959484499877e+02 1.207064016114939992e-03
5.279764959484499514e+02 1.202772919848505047e-03
5.280164959484500287e+02 1.220842214234245989e-03
5.280564959484499923e+02 1.264078725912188075e-03
5.280964959484499559e+02 1.338837246518162927e-03
5.281364959484500332e+02 1.455274790410282905e-03
5.281764959484499968e+02 1.629401006829938030e-03
5.282164959484499605e+02 1.886341227715701042e-03
5.282564959484500378e+02 2.263659453415570177e-03
5.282964959484500014e+02 2.809251429610496072e-03
5.283364959484499650e+02 3.552644562820467949e-03
5.283764959484500423e+02 4.406116716344611085e-03
5.284164959484500059e+02 5.038363776943037380e-03
5.284564959484499695e+02 5.090671188196158915e-03
5.284964959484500469e+02 4.670009124573642340e-03
5.285364959484500105e+02 4.131733749221234812e-03
5.285764959484499741e+02 3.588711114963595138e-03
5.286164959484500514e+02 2.997668345646227993e-03
5.286564959484500150e+02 2.420631310689376047e-03
5.286964959484499786e+02 1.945778769828643978e-03
5.287364959484500559e+02 1.591501175207734979e-03
5.287764959484500196e+02 1.334750151237627021e-03
5.288164959484499832e+02 1.147462812040247028e-03
5.288564959484499468e+02 1.008054238248762930e-03
5.288964959484500241e+02 9.017792922688170178e-04
5.289364959484499877e+02 8.188397998746180630e-04
5.289764959484499514e+02 7.526941136330052816e-04
5.290164959484500287e+02 6.989015649931079989e-04
5.290564959484499923e+02 6.543853964923046496e-04
5.290964959484499559e+02 6.169687271098617601e-04
5.291364959484500332e+02 5.850801394952725130e-04
5.291764959484499968e+02 5.575638872665293058e-04
5.292164959484499605e+02 5.335552177887019050e-04
5.292564959484500378e+02 5.123968645434504249e-04
5.292964959484500014e+02 4.935820466441029732e-04
5.293364959484499650e+02 4.767148571841462986e-04
5.293764959484500423e+02 4.614822694181805116e-04
5.294164959484500059e+02 4.476340418648933105e-04
5.294564959484499695e+02 4.349680830400398917e-04
5.294964959484500469e+02 4.233196484549520784e-04
5.295364959484500105e+02 4.125532665776157951e-04
5.295764959484499741e+02 4.025566343302131793e-04
5.296164959484500514e+02 3.932359519094624127e-04
5.296564959484500150e+02 3.845123217834704146e-04
5.296964959484499786e+02 3.763189431037948182e-04
5.297364959484500559e+02 3.685989067251260092e-04
5.297764959484500196e+02 3.613034480744879880e-04
5.298164959484499832e+02 3.543905521741737893e-04
5.298564959484499468e+02 3.478238318037845224e-04
5.298964959484500241e+02 3.415716191938071079e-04
5.299364959484499877e+02 3.356062258971669239e-04
5.299764959484499514e+02 3.299033360509500768e-04
5.300164959484500287e+02 3.244415061404921138e-04
5.300564959484499923e+02 3.192017503335744838e-04
5.300964959484499559e+02 3.141671949770505801e-04
5.301364959484500332e+02 3.093227893111788127e-04
5.301764959484499968e+02 3.046550621259009163e-04
5.302164959484499605e+02 3.001519161540400758e-04
5.302564959484500378e+02 2.958024536132380748e-04
5.302964959484500014e+02 2.915968275784378851e-04
5.303364959484499650e+02 2.875261148700992975e-04
5.303764959484500423e+02 2.835822069403746092e-04
5.304164959484500059e+02 2.797577158759470073e-04
5.304564959484499695e+02 2.760458931470925162e-04
5.304964959484500469e+02 2.724405591444469844e-04
5.305364959484500105e+02 2.689360418787261828e-04
5.305764959484499741e+02 2.655271234902279115e-04
5.306164959484500514e+02 2.622089934368919883e-04
5.306564959484500150e+02 2.589772074117874224e-04
5.306964959484499786e+02 2.558276511909568182e-04
5.307364959484500559e+02 2.527565087365273824e-04
5.307764959484500196e+02 2.497602339830311052e-04
5.308164959484499832e+02 2.468355258205128812e-04
5.308564959484499468e+02 2.439793058597320894e-04
5.308964959484500241e+02 2.411886986247531906e-04
5.309364959484499877e+02 2.384610138687786901e-04
5.309764959484499514e+02 2.357937307516512037e-04
5.310164959484500287e+02 2.331844836535158056e-04
5.310564959484499923e+02 2.306310494297102924e-04
5.310964959484499559e+02 2.281313359379691895e-04
5.311364959484500332e+02 2.256833716912353132e-04
5.311764959484499968e+02 2.232852965083356939e-04
5.312164959484499605e+02 2.209353530510815996e-04
5.312564959484500378e+02 2.186318791503207134e-04
5.312964959484500014e+02 2.163733008355346078e-04
5.313364959484499650e+02 2.141581259929813933e-04
5.313764959484500423e+02 2.119849385863869107e-04
5.314164959484500059e+02 2.098523933820039015e-04
5.314564959484499695e+02 2.077592111266527959e-04
5.314964959484500469e+02 2.057041741332579104e-04
5.315364959484500105e+02 2.036861222335705022e-04
5.315764959484499741e+02 2.017039490622693010e-04
5.316164959484500514e+02 1.997565986405954992e-04
5.316564959484500150e+02 1.978430622311280025e-04
5.316964959484499786e+02 1.959623754383804900e-04
5.317364959484500559e+02 1.941136155325675868e-04
5.317764959484500196e+02 1.922958989762674111e-04
5.318164959484499832e+02 1.905083791358025999e-04
5.318564959484499468e+02 1.887502441610112948e-04
5.318964959484500241e+02 1.870207150187282890e-04
5.319364959484499877e+02 1.853190436667528907e-04
5.319764959484499514e+02 1.836445113563815062e-04
5.320164959484500287e+02 1.819964270527319871e-04
5.320564959484499923e+02 1.803741259631326023e-04
5.320964959484499559e+02 1.787769681647474122e-04
5.321364959484500332e+02 1.772043373234595087e-04
5.321764959484499968e+02 1.756556394967466927e-04
5.322164959484499605e+02 1.741303020139662054e-04
5.322564959484500378e+02 1.726277724280440927e-04
5.322964959484500014e+02 1.711475175331105979e-04
5.323364959484499650e+02 1.696890224430963937e-04
5.323764959484500423e+02 1.682517897267410997e-04
5.324164959484500059e+02 1.668353385948564960e-04
5.324564959484499695e+02 1.654392041360411866e-04
5.324964959484500469e+02 1.640629365973623045e-04
5.325364959484500105e+02 1.627061007068081918e-04
5.325764959484499741e+02 1.613682750345809972e-04
5.326164959484500514e+02 1.600490513905377928e-04
5.326564959484500150e+02 1.587480342552973075e-04
5.326964959484499786e+02 1.574648402427388937e-04
5.327364959484500559e+02 1.561990975917885050e-04
5.327764959484500196e+02 1.549504456855516955e-04
5.328164959484499832e+02 1.537185345960137865e-04
5.328564959484499468e+02 1.525030246526444956e-04
5.328964959484500241e+02 1.513035860333884135e-04
5.329364959484499877e+02 1.501198983766179062e-04
5.329764959484499514e+02 1.489516504127474006e-04
5.330164959484500287e+02 1.477985396142887013e-04
5.330564959484499923e+02 1.466602718632216949e-04
5.330964959484499559e+02 1.455365611346384129e-04
5.331364959484500332e+02 1.444271291956797940e-04
5.331764959484499968e+02 1.433317053188720876e-04
5.332164959484499605e+02 1.422500260090090894e-04
5.332564959484500378e+02 1.411818347428076068e-04
5.332964959484500014e+02 1.401268817205952107e-04
5.333364959484499650e+02 1.390849236293605876e-04
5.333764959484500423e+02 1.380557234165154040e-04
5.334164959484500059e+02 1.370390500737892045e-04
5.334564959484499695e+02 1.360346784306868924e-04
5.334964959484500469e+02 1.350423889570023881e-04
5.335364959484500105e+02 1.340619675738913047e-04
5.335764959484499741e+02 1.330932054730541879e-04
5.336164959484500514e+02 1.321358989435998102e-04
5.336564959484500150e+02 1.311898492061879071e-04
5.336964959484499786e+02 1.302548622540780914e-04
5.337364959484500559e+02 1.293307487007281883e-04
5.337764959484500196e+02 1.284173236336158921e-04
5.338164959484499832e+02 1.275144064739650951e-04
5.338564959484499468e+02 1.266218208420867043e-04
5.338964959484500241e+02 1.257393944280628937e-04
5.339364959484499877e+02 1.248669588675036066e-04
5.339764959484499514e+02 1.240043496221426118e-04
5.340164959484500287e+02 1.231514058650300071e-04
5.340564959484499923e+02 1.223079703701163113e-04
5.340964959484499559e+02 1.214738894060095960e-04
5.341364959484500332e+02 1.206490126337187948e-04
5.341764959484499968e+02 1.198331930082008958e-04
5.342164959484499605e+02 1.190262866835311981e-04
5.342564959484500378e+02 1.182281529215401027e-04
5.342964959484500014e+02 1.174386540037564066e-04
5.343364959484499650e+02 1.166576551465113055e-04
5.343764959484500423e+02 1.158850244190655034e-04
5.344164959484500059e+02 1.151206326646237019e-04
5.344564959484499695e+02 1.143643534241159057e-04
5.344964959484500469e+02 1.136160628626212003e-04
5.345364959484500105e+02 1.128756396983281011e-04
5.345764959484499741e+02 1.121429651339174042e-04
5.346164959484500514e+02 1.114179227902726014e-04
5.346564959484500150e+02 1.107003986424143064e-04
5.346964959484499786e+02 1.099902809575748007e-04
5.347364959484500559e+02 1.092874602353173985e-04
5.347764959484500196e+02 1.085918291496240997e-04
5.348164959484499832e+02 1.079032824928680058e-04
5.348564959484499468e+02 1.072217171215976954e-04
5.348964959484500241e+02 1.065470319040607005e-04
5.349364959484499877e+02 1.058791276693981048e-04
5.349764959484499514e+02 1.052179071584453057e-04
5.350164959484500287e+02 1.045632749760758937e-04
5.350564959484499923e+02 1.039151375450299010e-04
5.350964959484499559e+02 1.032734030611707013e-04
5.351364959484500332e+02 1.026379814501150939e-04
5.351764959484499968e+02 1.020087843251842030e-04
5.352164959484499605e+02 1.013857249466298049e-04
5.352564959484500378e+02 1.007687181820838933e-04
5.352964959484500014e+02 1.001576804681896047e-04
5.353364959484499650e+02 9.955252977336995993e-05
5.353764959484500423e+02 9.895318556169178481e-05
5.354164959484500059e+02 9.835956875778672863e-05
5.354564959484499695e+02 9.777160171279121546e-05
5.354964959484500469e+02 9.718920817126835737e-05
5.355364959484500105e+02 9.661231323907813816e-05
5.355764959484499741e+02 9.604084335216214849e-05
5.356164959484500514e+02 9.547472624621068562e-05
5.356564959484500150e+02 9.491389092718222563e-05
5.356964959484499786e+02 9.435826764264527663e-05
5.357364959484500559e+02 9.380778785391499276e-05
5.357764959484500196e+02 9.326238420895730853e-05
5.358164959484499832e+02 9.272199051603445053e-05
5.358564959484499468e+02 9.218654171806721527e-05
5.358964959484500241e+02 9.165597386768932031e-05
5.359364959484499877e+02 9.113022410297232090e-05
5.359764959484499514e+02 9.060923062379696864e-05
5.360164959484500287e+02 9.009293266885107633e-05
5.360564959484499923e+02 8.958127049323353318e-05
5.360964959484499559e+02 8.907418534664256942e-05
5.361364959484500332e+02 8.857161945213303737e-05
5.361764959484499968e+02 8.807351598542044208e-05
5.362164959484499605e+02 8.757981905471690868e-05
5.362564959484500378e+02 8.709047368108114283e-05
5.362964959484500014e+02 8.660542577926537595e-05
5.363364959484499650e+02 8.612462213904444161e-05
5.363764959484500423e+02 8.564801040701165507e-05
5.364164959484500059e+02 8.517553906882584301e-05
5.364564959484499695e+02 8.470715743189690587e-05
5.364964959484500469e+02 8.424281560849480183e-05
5.365364959484500105e+02 8.378246449926906388e-05
5.365764959484499741e+02 8.332605577716689681e-05
5.366164959484500514e+02 8.287354187173593550e-05
5.366564959484500150e+02 8.242487595380099878e-05
5.366964959484499786e+02 8.198001192050285838e-05
5.367364959484500559e+02 8.153890438068789640e-05
5.367764959484500196e+02 8.110150864063612867e-05
5.368164959484499832e+02 8.066778069012081782e-05
5.368564959484499468e+02 8.023767718878560854e-05
5.368964959484500241e+02 7.981115545283003698e-05
5.369364959484499877e+02 7.938817344199722086e-05
5.369764959484499514e+02 7.896868974684851088e-05
5.370164959484500287e+02 7.855266357632160665e-05
5.370564959484499923e+02 7.814005474555863905e-05
5.370964959484499559e+02 7.773082366399980078e-05
5.371364959484500332e+02 7.732493132373015169e-05
5.371764959484499968e+02 7.692233928807424561e-05
5.372164959484499605e+02 7.652300968042966109e-05
5.372564959484500378e+02 7.612690517333047793e-05
5.372964959484500014e+02 7.573398897773474985e-05
5.373364959484499650e+02 7.534422483252746234e-05
5.373764959484500423e+02 7.495757699423141339e-05
5.374164959484500059e+02 7.457401022691955252e-05
5.374564959484499695e+02 7.419348979232066020e-05
5.374964959484500469e+02 7.381598144011176747e-05
5.375364959484500105e+02 7.344145139839071586e-05
5.375764959484499741e+02 7.306986636432103756e-05
5.376164959484500514e+02 7.270119349494326075e-05
5.376564959484500150e+02 7.233540039814426441e-05
5.376964959484499786e+02 7.197245512378092872e-05
5.377364959484500559e+02 7.161232615494695427e-05
5.377764959484500196e+02 7.125498239938030240e-05
5.378164959484499832e+02 7.090039318100185102e-05
5.378564959484499468e+02 7.054852823157892346e-05
5.378964959484500241e+02 7.019935768250679207e-05
5.379364959484499877e+02 6.985285205670303365e-05
5.379764959484499514e+02 6.950898226060328502e-05
5.380164959484500287e+02 6.916771957625582345e-05
5.380564959484499923e+02 6.882903565350494341e-05
5.380964959484499559e+02 6.849290250225578388e-05
5.381364959484500332e+02 6.815929248481358621e-05
5.381764959484499968e+02 6.782817830828918317e-05
5.382164959484499605e+02 6.749953301706121888e-05
5.382564959484500378e+02 6.717332998528848594e-05
5.382964959484500014e+02 6.684954290946157850e-05
5.383364959484499650e+02 6.652814580098503851e-05
5.383764959484500423e+02 6.620911297878057610e-05
5.384164959484500059e+02 6.589241906190076612e-05
5.384564959484499695e+02 6.557803896214072534e-05
5.384964959484500469e+02 6.526594787663936770e-05
5.385364959484500105e+02 6.495612128045438131e-05
5.385764959484499741e+02 6.464853491909961067e-05
5.386164959484500514e+02 6.434316480103158980e-05
5.386564959484500150e+02 6.403998719006701176e-05
5.386964959484499786e+02 6.373897859771878805e-05
5.387364959484500559e+02 6.344011577543035572e-05
5.387764959484500196e+02 6.314337570669102033e-05
5.388164959484499832e+02 6.284873559901001387e-05
5.388564959484499468e+02 6.255617287573076834e-05
5.388964959484500241e+02 6.226566516765630777e-05
5.389364959484499877e+02 6.197719030446339702e-05
5.389764959484499514e+02 6.169072630587647203e-05
5.390164959484500287e+02 6.140625137256648083e-05
5.390564959484499923e+02 6.112374387674532133e-05
5.390964959484499559e+02 6.084318235241307680e-05
5.391364959484500332e+02 6.056454548522040711e-05
5.391764959484499968e+02 6.028781210189683893e-05
5.392164959484499605e+02 6.001296115919642333e-05
5.392564959484500378e+02 5.973997173230304736e-05
5.392964959484500014e+02 5.946882300263313929e-05
5.393364959484499650e+02 5.919949424496709681e-05
5.393764959484500423e+02 5.893196481382991208e-05
5.394164959484500059e+02 5.866621412903675774e-05
5.394564959484499695e+02 5.840222166030615230e-05
5.394964959484500469e+02 5.813996691083115985e-05
5.395364959484500105e+02 5.787942939968913816e-05
5.395764959484499741e+02 5.762058864295223305e-05
5.396164959484500514e+02 5.736342413334382225e-05
5.396564959484500150e+02 5.710791531826936738e-05
5.396964959484499786e+02 5.685404157602306200e-05
5.397364959484500559e+02 5.660178218994774303e-05
5.397764959484500196e+02 5.635111632029562957e-05
5.398164959484499832e+02 5.610202297350046121e-05
5.398564959484499468e+02 5.585448096853332231e-05
5.398964959484500241e+02 5.560846889996363674e-05
5.399364959484499877e+02 5.536396509729842199e-05
5.399764959484499514e+02 5.512094758009869759e-05
5.400164959484500287e+02 5.487939400830601729e-05
5.400564959484499923e+02 5.463928162711929274e-05
5.400964959484499559e+02 5.440058720565718722e-05
5.401364959484500332e+02 5.416328696851956115e-05
5.401764959484499968e+02 5.392735651921698112e-05
5.402164959484499605e+02 5.369277075426007119e-05
5.402564959484500378e+02 5.345950376649750209e-05
5.402964959484500014e+02 5.322752873604042118e-05
5.403364959484499650e+02 5.299681780681648059e-05
5.403764959484500423e+02 5.276734194643327083e-05
5.404164959484500059e+02 5.253907078660200277e-05
5.404564959484499695e+02 5.231197244083755877e-05
5.404964959484500469e+02 5.208601329550877323e-05
5.405364959484500105e+02 5.186115776952208013e-05
5.405764959484499741e+02 5.163736803694067936e-05
5.406164959484500514e+02 5.141460370563899322e-05
5.406564959484500150e+02 5.119282144358071188e-05
5.406964959484499786e+02 5.097197454243092908e-05
5.407364959484500559e+02 5.075201240583850716e-05
5.407764959484500196e+02 5.053287994672108949e-05
5.408164959484499832e+02 5.031451687406259318e-05
5.408564959484499468e+02 5.009685684481840777e-05
5.408964959484500241e+02 4.987982645018511032e-05
5.409364959484499877e+02 4.966334399723418980e-05
5.409764959484499514e+02 4.944731803607938799e-05
5.410164959484500287e+02 4.923164556842267014e-05
5.410564959484499923e+02 4.901620985420290295e-05
5.410964959484499559e+02 4.880087770731097915e-05
5.411364959484500332e+02 4.858549613627724707e-05
5.411764959484499968e+02 4.836988813760779321e-05
5.412164959484499605e+02 4.815384738232297938e-05
5.412564959484500378e+02 4.793713144168021797e-05
5.412964959484500014e+02 4.771945306300387003e-05
5.413364959484499650e+02 4.750046881089304256e-05
5.413764959484500423e+02 4.727976410116502336e-05
5.414164959484500059e+02 4.705683322399439693e-05
5.414564959484499695e+02 4.683105229579153012e-05
5.414964959484500469e+02 4.660164205751300795e-05
5.415364959484500105e+02 4.636761581206752281e-05
5.415764959484499741e+02 4.612770514573353225e-05
5.416164959484500514e+02 4.588025164727645692e-05
5.416564959484500150e+02 4.562304519945116303e-05
5.416964959484499786e+02 4.535307580917713677e-05
5.417364959484500559e+02 4.506614080176792817e-05
5.417764959484500196e+02 4.475620085311943143e-05
5.418164959484499832e+02 4.441428117146250848e-05
5.418564959484499468e+02 4.402650960203509861e-05
5.418964959484500241e+02 4.357043291414039254e-05
5.419364959484499877e+02 4.300772802123822782e-05
5.419764959484499514e+02 4.226915000931073016e-05
5.420164959484500287e+02 4.122383312849569112e-05
5.420564959484499923e+02 3.963315187457954077e-05
5.420964959484499559e+02 3.722071937147932255e-05
