5.021458276445599722e+02 6.361180261083723242e-05
5.021858276445599927e+02 6.628391156598056541e-05
5.022258276445600131e+02 6.800224790290671612e-05
5.022658276445599768e+02 6.922646078779651387e-05
5.023058276445599972e+02 7.018049540789795485e-05
5.023458276445600177e+02 7.097561744901314629e-05
5.023858276445599813e+02 7.167121687600395714e-05
5.024258276445600018e+02 7.230132066582330586e-05
5.024658276445600222e+02 7.288664740369634615e-05
5.025058276445599859e+02 7.344047020682023183e-05
5.025458276445600063e+02 7.397166122671216496e-05
5.025858276445600268e+02 7.448636698922681356e-05
5.026258276445599904e+02 7.498897770269959714e-05
5.026658276445600109e+02 7.548271281983295173e-05
5.027058276445599745e+02 7.596998822636096276e-05
5.027458276445599950e+02 7.645265408616721994e-05
5.027858276445600154e+02 7.693215334160578541e-05
5.028258276445599790e+02 7.740963001442018065e-05
5.028658276445599995e+02 7.788600486673705149e-05
5.029058276445600200e+02 7.836202931648601267e-05
5.029458276445599836e+02 7.883832454613461582e-05
5.029858276445600040e+02 7.931541032974443448e-05
5.030258276445600245e+02 7.979372659270557130e-05
5.030658276445599881e+02 8.027364975132183329e-05
5.031058276445600086e+02 8.075550524722056194e-05
5.031458276445599722e+02 8.123957727043677388e-05
5.031858276445599927e+02 8.172611637961273037e-05
5.032258276445600131e+02 8.221534553119597935e-05
5.032658276445599768e+02 8.270746489216985109e-05
5.033058276445599972e+02 8.320265571355782647e-05
5.033458276445600177e+02 8.370108347214243703e-05
5.033858276445599813e+02 8.420290043718801887e-05
5.034258276445600018e+02 8.470824778177827956e-05
5.034658276445600222e+02 8.521725733083682260e-05
5.035058276445599859e+02 8.573005301726522752e-05
5.035458276445600063e+02 8.624675210206988693e-05
5.035858276445600268e+02 8.676746620248399779e-05
5.036258276445599904e+02 8.729230216299403830e-05
5.036658276445600109e+02 8.782136279713509202e-05
5.037058276445599745e+02 8.835474752243634036e-05
5.037458276445599950e+02 8.889255290660678563e-05
5.037858276445600154e+02 8.943487313964559827e-05
5.038258276445599790e+02 8.998180044388060222e-05
5.038658276445599995e+02 9.053342543178156834e-05
5.039058276445600200e+02 9.108983741966964072e-05
5.039458276445599836e+02 9.165112470405390745e-05
5.039858276445600040e+02 9.221737480619428837e-05
5.040258276445600245e+02 9.278867468957044092e-05
5.040658276445599881e+02 9.336511095418464012e-05
5.041058276445600086e+02 9.394677001100372818e-05
5.041458276445599722e+02 9.453373823933980120e-05
5.041858276445599927e+02 9.512610212954170476e-05
5.042258276445600131e+02 9.572394841301804717e-05
5.042658276445599768e+02 9.632736418132222564e-05
5.043058276445599972e+02 9.693643699577720566e-05
5.043458276445600177e+02 9.755125498891737941e-05
5.043858276445599813e+02 9.817190695884787347e-05
5.044258276445600018e+02 9.879848245747326237e-05
5.044658276445600222e+02 9.943107187342473694e-05
5.045058276445599859e+02 1.000697665104053528e-04
5.045458276445600063e+02 1.007146586615900979e-04
5.045858276445600268e+02 1.013658416806280968e-04
5.046258276445599904e+02 1.020234100497396012e-04
5.046658276445600109e+02 1.026874594453353615e-04
5.047058276445599745e+02 1.033580868015436500e-04
5.047458276445599950e+02 1.040353903719826395e-04
5.047858276445600154e+02 1.047194697900800996e-04
5.048258276445599790e+02 1.054104261282180885e-04
5.048658276445599995e+02 1.061083619559416403e-04
5.049058276445600200e+02 1.068133813974552935e-04
5.049458276445599836e+02 1.075255901886105055e-04
5.049858276445600040e+02 1.082450957335640387e-04
5.050258276445600245e+02 1.089720071612770098e-04
5.050658276445599881e+02 1.097064353820104019e-04
5.051058276445600086e+02 1.104484931439576054e-04
5.051458276445599722e+02 1.111982950901505994e-04
5.051858276445599927e+02 1.119559578157621501e-04
5.052258276445600131e+02 1.127215999259234536e-04
5.052658276445599768e+02 1.134953420941656952e-04
5.053058276445599972e+02 1.142773071215946528e-04
5.053458276445600177e+02 1.150676199968961500e-04
5.053858276445599813e+02 1.158664079572737483e-04
5.054258276445600018e+02 1.166738005504075937e-04
5.054658276445600222e+02 1.174899296975327441e-04
5.055058276445599859e+02 1.183149297577208519e-04
5.055458276445600063e+02 1.191489375934559093e-04
5.055858276445600268e+02 1.199920926375927456e-04
5.056258276445599904e+02 1.208445369617824487e-04
5.056658276445600109e+02 1.217064153464513546e-04
5.057058276445599745e+02 1.225778753524205014e-04
5.057458276445599950e+02 1.234590673942544006e-04
5.057858276445600154e+02 1.243501448154211704e-04
5.058258276445599790e+02 1.252512639653579512e-04
5.058658276445599995e+02 1.261625842785291530e-04
5.059058276445600200e+02 1.270842683555704498e-04
5.059458276445599836e+02 1.280164820466071145e-04
5.059858276445600040e+02 1.289593945368496387e-04
5.060258276445600245e+02 1.299131784345570616e-04
5.060658276445599881e+02 1.308780098614749344e-04
5.061058276445600086e+02 1.318540685458437396e-04
5.061458276445599722e+02 1.328415379180918217e-04
5.061858276445599927e+02 1.338406052093164518e-04
5.062258276445600131e+02 1.348514615526702563e-04
5.062658276445599768e+02 1.358743020877656305e-04
5.063058276445599972e+02 1.369093260682269437e-04
5.063458276445600177e+02 1.379567369725049459e-04
5.063858276445599813e+02 1.390167426180914222e-04
5.064258276445600018e+02 1.400895552792705149e-04
5.064658276445600222e+02 1.411753918085408011e-04
5.065058276445599859e+02 1.422744737618588588e-04
5.065458276445600063e+02 1.433870275278587643e-04
5.065858276445600268e+02 1.445132844612000687e-04
5.066258276445599904e+02 1.456534810202130643e-04
5.066658276445600109e+02 1.468078589090157345e-04
5.067058276445599745e+02 1.479766652242758590e-04
5.067458276445599950e+02 1.491601526068115074e-04
5.067858276445600154e+02 1.503585793982228263e-04
5.068258276445599790e+02 1.515722098027593584e-04
5.068658276445599995e+02 1.528013140546385397e-04
5.069058276445600200e+02 1.540461685910370407e-04
5.069458276445599836e+02 1.553070562309882179e-04
5.069858276445600040e+02 1.565842663604329543e-04
5.070258276445640035e+02 1.578780951236761565e-04
5.070658276445640240e+02 1.591888456215214494e-04
5.071058276445639876e+02 1.605168281163596986e-04
5.071458276445640081e+02 1.618623602445100069e-04
5.071858276445640286e+02 1.632257672361237509e-04
5.072258276445639922e+02 1.646073821429660524e-04
5.072658276445640126e+02 1.660075460744290545e-04
5.073058276445639763e+02 1.674266084421207755e-04
5.073458276445639967e+02 1.688649272134112086e-04
5.073858276445640172e+02 1.703228691743330521e-04
5.074258276445639808e+02 1.718008102022398540e-04
5.074658276445640013e+02 1.732991355486701839e-04
5.075058276445640217e+02 1.748182401328691885e-04
5.075458276445639854e+02 1.763585288464492658e-04
5.075858276445640058e+02 1.779204168697022547e-04
5.076258276445640263e+02 1.795043300000971620e-04
5.076658276445639899e+02 1.811107049935241494e-04
5.077058276445640104e+02 1.827399899188846433e-04
5.077458276445639740e+02 1.843926445266553735e-04
5.077858276445639945e+02 1.860691406320818500e-04
5.078258276445640149e+02 1.877699625137123525e-04
5.078658276445639785e+02 1.894956073280003100e-04
5.079058276445639990e+02 1.912465855407680039e-04
5.079458276445640195e+02 1.930234213763478888e-04
5.079858276445639831e+02 1.948266532852806297e-04
5.080258276445640035e+02 1.966568344315018906e-04
5.080658276445640240e+02 1.985145331999872047e-04
5.081058276445639876e+02 2.004003337259054908e-04
5.081458276445640081e+02 2.023148364463784026e-04
5.081858276445640286e+02 2.042586586760188603e-04
5.082258276445639922e+02 2.062324352074908001e-04
5.082658276445640126e+02 2.082368189384125158e-04
5.083058276445639763e+02 2.102724815260025926e-04
5.083458276445639967e+02 2.123401140709730347e-04
5.083858276445640172e+02 2.144404278322479141e-04
5.084258276445639808e+02 2.165741549742114459e-04
5.084658276445640013e+02 2.187420493482880569e-04
5.085058276445640217e+02 2.209448873107845441e-04
5.085458276445639854e+02 2.231834685790468282e-04
5.085858276445640058e+02 2.254586171281406585e-04
5.086258276445640263e+02 2.277711821303972557e-04
5.086658276445639899e+02 2.301220389403471254e-04
5.087058276445640104e+02 2.325120901277388623e-04
5.087458276445639740e+02 2.349422665615297950e-04
5.087858276445639945e+02 2.374135285479492350e-04
5.088258276445640149e+02 2.399268670259728877e-04
5.088658276445639785e+02 2.424833048237800030e-04
5.089058276445639990e+02 2.450838979800522939e-04
5.089458276445640195e+02 2.477297371342642991e-04
5.089858276445639831e+02 2.504219489904379019e-04
5.090258276445640035e+02 2.531616978591965479e-04
5.090658276445640240e+02 2.559501872833331703e-04
5.091058276445639876e+02 2.587886617525442853e-04
5.091458276445640081e+02 2.616784085134422552e-04
5.091858276445640286e+02 2.646207594814783829e-04
5.092258276445639922e+02 2.676170932619815210e-04
5.092658276445640126e+02 2.706688372881317899e-04
5.093058276445639763e+02 2.737774700843949717e-04
5.093458276445639967e+02 2.769445236647115251e-04
5.093858276445640172e+02 2.801715860755671578e-04
5.094258276445639808e+02 2.834603040950346622e-04
5.094658276445640013e+02 2.868123860999289968e-04
5.095058276445640217e+02 2.902296051143623472e-04
5.095458276445639854e+02 2.937138020543482008e-04
5.095858276445640058e+02 2.972668891844858306e-04
5.096258276445640263e+02 3.008908538045041488e-04
5.096658276445639899e+02 3.045877621851693514e-04
5.097058276445640104e+02 3.083597637752554638e-04
5.097458276445639740e+02 3.122090957035057539e-04
5.097858276445639945e+02 3.161380876022590932e-04
5.098258276445640149e+02 3.201491667823516424e-04
5.098658276445639785e+02 3.242448637923406145e-04
5.099058276445639990e+02 3.284278183989765764e-04
5.099458276445640195e+02 3.327007860302911039e-04
5.099858276445639831e+02 3.370666447277214208e-04
5.100258276445640035e+02 3.415284026595506815e-04
5.100658276445640240e+02 3.460892062546265502e-04
5.101058276445639876e+02 3.507523490230646463e-04
5.101458276445640081e+02 3.555212811396290737e-04
5.101858276445640286e+02 3.603996198758510237e-04
5.102258276445639922e+02 3.653911609791248450e-04
5.102658276445640126e+02 3.704998911111497591e-04
5.103058276445639763e+02 3.757300014747456821e-04
5.103458276445639967e+02 3.810859027776091531e-04
5.103858276445640172e+02 3.865722417047138724e-04
5.104258276445639808e+02 3.921939190984314672e-04
5.104658276445640013e+02 3.979561100780720740e-04
5.105058276445640217e+02 4.038642863695092499e-04
5.105458276445639854e+02 4.099242411622996442e-04
5.105858276445640058e+02 4.161421168680587293e-04
5.106258276445640263e+02 4.225244362220520467e-04
5.106658276445639899e+02 4.290781372529032167e-04
5.107058276445640104e+02 4.358106127466663030e-04
5.107458276445639740e+02 4.427297549560007595e-04
5.107858276445639945e+02 4.498440064588276927e-04
5.108258276445640149e+02 4.571624182616339303e-04
5.108658276445639785e+02 4.646947164806716464e-04
5.109058276445639990e+02 4.724513792333732000e-04
5.109458276445640195e+02 4.804437257501158144e-04
5.109858276445639831e+02 4.886840201970680565e-04
5.110258276445640035e+02 4.971855933161657606e-04
5.110658276445640240e+02 5.059629857818697535e-04
5.111058276445639876e+02 5.150321182055262164e-04
5.111458276445640081e+02 5.244104940686316035e-04
5.111858276445640286e+02 5.341174436497043987e-04
5.112258276445639922e+02 5.441744193854897941e-04
5.112658276445640126e+02 5.546053563020590443e-04
5.113058276445639763e+02 5.654371154898952222e-04
5.113458276445639967e+02 5.767000345501938465e-04
5.113858276445640172e+02 5.884286171993866488e-04
5.114258276445639808e+02 6.006624058147514485e-04
5.114658276445640013e+02 6.134470971888219149e-04
5.115058276445640217e+02 6.268359855116251720e-04
5.115458276445639854e+02 6.408918513126829865e-04
5.115858276445640058e+02 6.556894666090913072e-04
5.116258276445640263e+02 6.713189642105328809e-04
5.116658276445639899e+02 6.878904383977573617e-04
5.117058276445640104e+02 7.055403306630292359e-04
5.117458276445639740e+02 7.244404514988242449e-04
5.117858276445639945e+02 7.448109729760403865e-04
5.118258276445640149e+02 7.669395305750900584e-04
5.118658276445639785e+02 7.912099355560496972e-04
5.119058276445639990e+02 8.181463522163462138e-04
5.119458276445640195e+02 8.484829058654059196e-04
5.119858276445639831e+02 8.832758480773648339e-04
5.120258276445639467e+02 9.240873634802158464e-04
5.120658276445640240e+02 9.732870264286695629e-04
5.121058276445639876e+02 1.034525041371381912e-03
5.121458276445639513e+02 1.113344714056452040e-03
5.121858276445640286e+02 1.217345716795010385e-03
5.122258276445639922e+02 1.353288025962222189e-03
5.122658276445639558e+02 1.516096311707684600e-03
5.123058276445640331e+02 1.677908639914123517e-03
5.123458276445639967e+02 1.810955662127273092e-03
5.123858276445639603e+02 1.919913575512810456e-03
5.124258276445640377e+02 2.007833272230434042e-03
5.124658276445640013e+02 2.065653063935338121e-03
5.125058276445639649e+02 2.111973410178278124e-03
5.125458276445640422e+02 2.152486855969329600e-03
5.125858276445640058e+02 2.172102806308498675e-03
5.126258276445639694e+02 2.176474393941431416e-03
5.126658276445640468e+02 2.180472207459558352e-03
5.127058276445640104e+02 2.179284969135893580e-03
5.127458276445639740e+02 2.156976579369495640e-03
5.127858276445640513e+02 2.114025674753891061e-03
5.128258276445640149e+02 2.090966164679376998e-03
5.128658276445639785e+02 2.119148006413742319e-03
5.129058276445640558e+02 2.193247835307907644e-03
5.129458276445640195e+02 2.286523439183104321e-03
5.129858276445639831e+02 2.378167840579145827e-03
5.130258276445639467e+02 2.474132250240490202e-03
5.130658276445640240e+02 2.582188480679544797e-03
5.131058276445639876e+02 2.682172034219703922e-03
5.131458276445639513e+02 2.773001048370504849e-03
5.131858276445640286e+02 2.906954429014684677e-03
5.132258276445639922e+02 3.136846337670191713e-03
5.132658276445639558e+02 3.486160429296747756e-03
5.133058276445640331e+02 3.933667902170400951e-03
5.133458276445639967e+02 4.401464438226544360e-03
5.133858276445639603e+02 4.826447559254581215e-03
5.134258276445640377e+02 5.216674459277242243e-03
5.134658276445640013e+02 5.563008911943244372e-03
5.135058276445639649e+02 5.868831102020211424e-03
5.135458276445640422e+02 6.246553262184551154e-03
5.135858276445640058e+02 6.831200464968266092e-03
5.136258276445639694e+02 7.608896717952646528e-03
5.136658276445640468e+02 8.379674063085068569e-03
5.137058276445640104e+02 8.962287499553689418e-03
5.137458276445639740e+02 9.402430056019985341e-03
5.137858276445640513e+02 9.829854092214653297e-03
5.138258276445640149e+02 1.027143760750602944e-02
5.138658276445639785e+02 1.068538383282430573e-02
5.139058276445640558e+02 1.106037401803401828e-02
5.139458276445640195e+02 1.140745669383736935e-02
5.139858276445639831e+02 1.171479265918106555e-02
5.140258276445639467e+02 1.192125424670054980e-02
5.140658276445640240e+02 1.222424019211401994e-02
5.141058276445639876e+02 1.293937425587970459e-02
5.141458276445639513e+02 1.404742904372129411e-02
5.141858276445640286e+02 1.514777468419830492e-02
5.142258276445639922e+02 1.575263994629498565e-02
5.142658276445639558e+02 1.569548698853743401e-02
5.143058276445640331e+02 1.533157962279636105e-02
5.143458276445639967e+02 1.521130729922003100e-02
5.143858276445639603e+02 1.558539656767481824e-02
5.144258276445640377e+02 1.640660694347722062e-02
5.144658276445640013e+02 1.757906270846894964e-02
5.145058276445639649e+02 1.905801146812942035e-02
5.145458276445640422e+02 2.102080539279259017e-02
5.145858276445640058e+02 2.393905423079788208e-02
5.146258276445639694e+02 2.807887775308735498e-02
5.146658276445640468e+02 3.324671093739809541e-02
5.147058276445640104e+02 3.877958422144682504e-02
5.147458276445639740e+02 4.327496484495350210e-02
5.147858276445640513e+02 4.525406840801487335e-02
5.148258276445640149e+02 4.450176927437645563e-02
5.148658276445639785e+02 4.204695896240820407e-02
5.149058276445640558e+02 3.937800397386251317e-02
5.149458276445640195e+02 3.760301590787305803e-02
5.149858276445639831e+02 3.692777775329456752e-02
5.150258276445639467e+02 3.706794967055473955e-02
5.150658276445640240e+02 3.796444792826490083e-02
5.151058276445639876e+02 3.981187406894690084e-02
5.151458276445639513e+02 4.247197324335330593e-02
5.151858276445640286e+02 4.551534844186339024e-02
5.152258276445639922e+02 4.872735037575932210e-02
5.152658276445639558e+02 5.233091213350396509e-02
5.153058276445640331e+02 5.698543949054930835e-02
5.153458276445639967e+02 6.325122220185851185e-02
5.153858276445639603e+02 7.026765951006705424e-02
5.154258276445640377e+02 7.632387521860675705e-02
5.154658276445640013e+02 8.108679137999313946e-02
5.155058276445639649e+02 8.518416302648340599e-02
5.155458276445640422e+02 8.913661740521203192e-02
5.155858276445640058e+02 9.260312721630017951e-02
5.156258276445639694e+02 9.454845931055330666e-02
5.156658276445640468e+02 9.575615615492687194e-02
5.157058276445640104e+02 9.787461206479199094e-02
5.157458276445639740e+02 1.001618484862953906e-01
5.157858276445640513e+02 1.011395470679511133e-01
5.158258276445640149e+02 1.011902629774041606e-01
5.158658276445639785e+02 1.010839877831352651e-01
5.159058276445640558e+02 1.007253202305987139e-01
5.159458276445640195e+02 1.002117498252371730e-01
5.159858276445639831e+02 1.008524973423863824e-01
5.160258276445638330e+02 1.037333881926245649e-01
5.160658276445637966e+02 1.075035238578024854e-01
5.161058276445637603e+02 1.096835540929678166e-01
5.161458276445638376e+02 1.091487156999844388e-01
5.161858276445638012e+02 1.055937571993709467e-01
5.162258276445637648e+02 1.002813393979876538e-01
5.162658276445638421e+02 9.519965326658347271e-02
5.163058276445638057e+02 9.172953690595453402e-02
5.163458276445637694e+02 9.050348296372470736e-02
5.163858276445638467e+02 9.121119598969980313e-02
5.164258276445638103e+02 9.281941525733800047e-02
5.164658276445637739e+02 9.542196922771184475e-02
5.165058276445638512e+02 9.961401737601077722e-02
5.165458276445638148e+02 1.044259753488101516e-01
5.165858276445637784e+02 1.075512827390436577e-01
5.166258276445638558e+02 1.067281791205191982e-01
5.166658276445638194e+02 1.015438124020334870e-01
5.167058276445637830e+02 9.445266494134813007e-02
5.167458276445637466e+02 8.849459507548687598e-02
5.167858276445638239e+02 8.456248327365442630e-02
5.168258276445637875e+02 8.107009509921239698e-02
5.168658276445637512e+02 7.621459734454406887e-02
5.169058276445638285e+02 7.009335195837709809e-02
5.169458276445637921e+02 6.428989977348359419e-02
5.169858276445638694e+02 5.970112329872649670e-02
5.170258276445638330e+02 5.631314651832990820e-02
5.170658276445637966e+02 5.404737598665888820e-02
5.171058276445637603e+02 5.233664307032787066e-02
5.171458276445638376e+02 5.034931451582379258e-02
5.171858276445638012e+02 4.821607878004480208e-02
5.172258276445637648e+02 4.660111442750201893e-02
5.172658276445638421e+02 4.547596344625627618e-02
5.173058276445638057e+02 4.445874427829488162e-02
5.173458276445637694e+02 4.359222843624481480e-02
5.173858276445638467e+02 4.294395962632027719e-02
5.174258276445638103e+02 4.231277814996282222e-02
5.174658276445637739e+02 4.140212023884783099e-02
5.175058276445638512e+02 3.988565100680965814e-02
5.175458276445638148e+02 3.776592532072321762e-02
5.175858276445637784e+02 3.548556170723878717e-02
5.176258276445638558e+02 3.339814152930828395e-02
5.176658276445638194e+02 3.153540179353366002e-02
5.177058276445637830e+02 2.976465453468887107e-02
5.177458276445637466e+02 2.812324256420029034e-02
5.177858276445638239e+02 2.669861721697062290e-02
5.178258276445637875e+02 2.563309159893548475e-02
5.178658276445637512e+02 2.506044175099845367e-02
5.179058276445638285e+02 2.484291889266229680e-02
5.179458276445637921e+02 2.473766539953470983e-02
5.179858276445637557e+02 2.445457475128395494e-02
5.180258276445639467e+02 2.363760158231527353e-02
5.180658276445640240e+02 2.223094053416732607e-02
5.181058276445639876e+02 2.054048729674944757e-02
5.181458276445639513e+02 1.891649958577011625e-02
5.181858276445640286e+02 1.759538821061343294e-02
5.182258276445639922e+02 1.655647304669956993e-02
5.182658276445639558e+02 1.583855035054651528e-02
5.183058276445640331e+02 1.545595058330805419e-02
5.183458276445639967e+02 1.519336075095760463e-02
5.183858276445639603e+02 1.497797693804589492e-02
5.184258276445640377e+02 1.506591826826908856e-02
5.184658276445640013e+02 1.576117652397879265e-02
5.185058276445639649e+02 1.716921308909725302e-02
5.185458276445640422e+02 1.894577351355070105e-02
5.185858276445640058e+02 2.037770698669397543e-02
5.186258276445639694e+02 2.105222230680996870e-02
5.186658276445640468e+02 2.099566868211731607e-02
5.187058276445640104e+02 2.036025080329425391e-02
5.187458276445639740e+02 1.924572640813272673e-02
5.187858276445640513e+02 1.774873040182810974e-02
5.188258276445640149e+02 1.625184642218799325e-02
5.188658276445639785e+02 1.523413485280197474e-02
5.189058276445640558e+02 1.486245563914609380e-02
5.189458276445640195e+02 1.483190963683837446e-02
5.189858276445639831e+02 1.456977500056920449e-02
5.190258276445639467e+02 1.379050635590652572e-02
5.190658276445640240e+02 1.269190100060195447e-02
5.191058276445639876e+02 1.158342616046128051e-02
5.191458276445639513e+02 1.067632217761859889e-02
5.191858276445640286e+02 9.985718668034011120e-03
5.192258276445639922e+02 9.420672156357331323e-03
5.192658276445639558e+02 8.918531419131604798e-03
5.193058276445640331e+02 8.433936259217887990e-03
5.193458276445639967e+02 7.934257026606557350e-03
5.193858276445639603e+02 7.439126253449180812e-03
5.194258276445640377e+02 6.996535925811307732e-03
5.194658276445640013e+02 6.625109955483152353e-03
5.195058276445639649e+02 6.295711177732036395e-03
5.195458276445640422e+02 6.012456633653502289e-03
5.195858276445640058e+02 5.834229876330180101e-03
5.196258276445639694e+02 5.767250537255373677e-03
5.196658276445640468e+02 5.758526232447824800e-03
5.197058276445640104e+02 5.784594105887863255e-03
5.197458276445639740e+02 5.853663799688275937e-03
5.197858276445640513e+02 5.943582014360825234e-03
5.198258276445640149e+02 6.011316398899710194e-03
5.198658276445639785e+02 6.032765038399796192e-03
5.199058276445640558e+02 6.028970838480680536e-03
5.199458276445640195e+02 6.060048625234211797e-03
5.199858276445639831e+02 6.146528952819457076e-03
5.200258276445639467e+02 6.280064249481843303e-03
5.200658276445640240e+02 6.507938703992762960e-03
5.201058276445639876e+02 6.866879441267511458e-03
5.201458276445639513e+02 7.325023775363934467e-03
5.201858276445640286e+02 7.856299447791304652e-03
5.202258276445639922e+02 8.503727127012701559e-03
5.202658276445639558e+02 9.304429602118110057e-03
5.203058276445640331e+02 1.028673837485182159e-02
5.203458276445639967e+02 1.156806824859353024e-02
5.203858276445639603e+02 1.333059716127116962e-02
5.204258276445640377e+02 1.566255239834224086e-02
5.204658276445640013e+02 1.856673587775327372e-02
5.205058276445639649e+02 2.201939794938134395e-02
5.205458276445640422e+02 2.561000346722160093e-02
5.205858276445640058e+02 2.825968672740702958e-02
5.206258276445639694e+02 2.918388936621273827e-02
5.206658276445640468e+02 2.893562874891389414e-02
5.207058276445640104e+02 2.848258602582602605e-02
5.207458276445639740e+02 2.823724980993478489e-02
5.207858276445640513e+02 2.834311078108477100e-02
5.208258276445640149e+02 2.884617930950101813e-02
5.208658276445639785e+02 2.985168667419044880e-02
5.209058276445640558e+02 3.166254371197078921e-02
5.209458276445640195e+02 3.457484750123496209e-02
5.209858276445639831e+02 3.819923865318701484e-02
5.210258276445639467e+02 4.175401038631003370e-02
5.210658276445640240e+02 4.501357546678087795e-02
5.211058276445639876e+02 4.768974745471380589e-02
5.211458276445639513e+02 4.932528863307401867e-02
5.211858276445640286e+02 5.036934194073599408e-02
5.212258276445639922e+02 5.178408983209102645e-02
5.212658276445639558e+02 5.283510348318194716e-02
5.213058276445640331e+02 5.156147837176638937e-02
5.213458276445639967e+02 4.809146687447204971e-02
5.213858276445639603e+02 4.405293662086544326e-02
5.214258276445640377e+02 4.015005263811313729e-02
5.214658276445640013e+02 3.654397023287347945e-02
5.215058276445639649e+02 3.371974167685570789e-02
5.215458276445640422e+02 3.189660130269952876e-02
5.215858276445640058e+02 3.088749461456678086e-02
5.216258276445639694e+02 3.051349321070401244e-02
5.216658276445640468e+02 3.093631131945286800e-02
5.217058276445640104e+02 3.252474218379524523e-02
5.217458276445639740e+02 3.582679665541520925e-02
5.217858276445640513e+02 4.135138331088613478e-02
5.218258276445640149e+02 4.835328108712791395e-02
5.218658276445639785e+02 5.457219190254818109e-02
5.219058276445640558e+02 5.807048206973891569e-02
5.219458276445640195e+02 5.811286491907412255e-02
5.219858276445639831e+02 5.538780200638486473e-02
5.220258276445639467e+02 5.214134947074784004e-02
5.220658276445640240e+02 5.046146652893410134e-02
5.221058276445639876e+02 5.027628730441047883e-02
5.221458276445639513e+02 4.999822089567786815e-02
5.221858276445640286e+02 4.962035880233955920e-02
5.222258276445639922e+02 4.946585652620281992e-02
5.222658276445639558e+02 4.923047369459900013e-02
5.223058276445640331e+02 4.800653470061015671e-02
5.223458276445639967e+02 4.568141682590200897e-02
5.223858276445639603e+02 4.300984799465533415e-02
5.224258276445640377e+02 4.050995656096993691e-02
5.224658276445640013e+02 3.826592180731047677e-02
5.225058276445639649e+02 3.623626363031112740e-02
5.225458276445640422e+02 3.448609819328353476e-02
5.225858276445640058e+02 3.339519536867956162e-02
5.226258276445639694e+02 3.341118258670044278e-02
5.226658276445640468e+02 3.449882529677374826e-02
5.227058276445640104e+02 3.610147531609580324e-02
5.227458276445639740e+02 3.759200906072951431e-02
5.227858276445640513e+02 3.873369435012535833e-02
5.228258276445640149e+02 3.966728493576779369e-02
5.228658276445639785e+02 4.044918951733171564e-02
5.229058276445640558e+02 4.115753609473550567e-02
5.229458276445640195e+02 4.192923880196824243e-02
5.229858276445639831e+02 4.267477573470092322e-02
5.230258276445639467e+02 4.319890475445120614e-02
5.230658276445640240e+02 4.326604126094581171e-02
5.231058276445639876e+02 4.285118163323561880e-02
5.231458276445639513e+02 4.243253982278318015e-02
5.231858276445640286e+02 4.248721429602110577e-02
5.232258276445639922e+02 4.308788737205086067e-02
5.232658276445639558e+02 4.439852554288620246e-02
5.233058276445640331e+02 4.680881117519408718e-02
5.233458276445639967e+02 5.041433902437421344e-02
5.233858276445639603e+02 5.445663069019159030e-02
5.234258276445640377e+02 5.780567596353061721e-02
5.234658276445640013e+02 6.037587996046352851e-02
5.235058276445639649e+02 6.261934216075146220e-02
5.235458276445640422e+02 6.397567149310627588e-02
5.235858276445640058e+02 6.374361143467238700e-02
5.236258276445639694e+02 6.243080723519416758e-02
5.236658276445640468e+02 6.078660632378156403e-02
5.237058276445640104e+02 5.930632013364037919e-02
5.237458276445639740e+02 5.835961187802651828e-02
5.237858276445640513e+02 5.789874123321751831e-02
5.238258276445640149e+02 5.761517801711344561e-02
5.238658276445639785e+02 5.740138181794940397e-02
5.239058276445640558e+02 5.748736248979549601e-02
5.239458276445640195e+02 5.777433115307428757e-02
5.239858276445639831e+02 5.724970699512464678e-02
5.240258276445639467e+02 5.477910000853715433e-02
5.240658276445640240e+02 5.046288004571448937e-02
5.241058276445639876e+02 4.540901331010034625e-02
5.241458276445639513e+02 4.064313508401902475e-02
5.241858276445640286e+02 3.690021812906213450e-02
5.242258276445639922e+02 3.443054367739710464e-02
5.242658276445639558e+02 3.279113239524452522e-02
5.243058276445640331e+02 3.134967636044037886e-02
5.243458276445639967e+02 2.965672819934360438e-02
5.243858276445639603e+02 2.743022405752194859e-02
5.244258276445640377e+02 2.472575658518122443e-02
5.244658276445640013e+02 2.194678758485245004e-02
5.245058276445639649e+02 1.949923974121972950e-02
5.245458276445640422e+02 1.746898947776054020e-02
5.245858276445640058e+02 1.573367203463638120e-02
5.246258276445639694e+02 1.422068980666897457e-02
5.246658276445640468e+02 1.294150656131199013e-02
5.247058276445640104e+02 1.196231931636934989e-02
5.247458276445639740e+02 1.135357043112302997e-02
5.247858276445640513e+02 1.111054484175502156e-02
5.248258276445640149e+02 1.110031954784225505e-02
5.248658276445639785e+02 1.108636279034848869e-02
5.249058276445640558e+02 1.084172876641957550e-02
5.249458276445640195e+02 1.029825349540947239e-02
5.249858276445639831e+02 9.571299490582826225e-03
5.250258276445639467e+02 8.775045756373891018e-03
5.250658276445640240e+02 7.995531355686254921e-03
5.251058276445639876e+02 7.339311129483805894e-03
5.251458276445639513e+02 6.863872423000579037e-03
5.251858276445640286e+02 6.514350046584457127e-03
5.252258276445639922e+02 6.217838147547671834e-03
5.252658276445639558e+02 5.982797039633880147e-03
5.253058276445640331e+02 5.831505842348236150e-03
5.253458276445639967e+02 5.747685769003359896e-03
5.253858276445639603e+02 5.678475153878846833e-03
5.254258276445640377e+02 5.553198181763982846e-03
5.254658276445640013e+02 5.324514732459526001e-03
5.255058276445639649e+02 5.024399447625799847e-03
5.255458276445640422e+02 4.712859974639896365e-03
5.255858276445640058e+02 4.427823247869128870e-03
5.256258276445639694e+02 4.188186416752844032e-03
5.256658276445640468e+02 4.001876135253081869e-03
5.257058276445640104e+02 3.862529856101604066e-03
5.257458276445639740e+02 3.751633341990382939e-03
5.257858276445640513e+02 3.636754709147346602e-03
5.258258276445640149e+02 3.483898712848602659e-03
5.258658276445639785e+02 3.309770838211311197e-03
5.259058276445640558e+02 3.168459657636858804e-03
5.259458276445640195e+02 3.098722964656202509e-03
5.259858276445639831e+02 3.109057695968028140e-03
5.260258276445639467e+02 3.168070516403193038e-03
5.260658276445640240e+02 3.210887506028747059e-03
5.261058276445639876e+02 3.185793234184256320e-03
5.261458276445639513e+02 3.104433025989218348e-03
5.261858276445640286e+02 3.014757883609161387e-03
5.262258276445639922e+02 2.939728707583111854e-03
5.262658276445639558e+02 2.887356330099083261e-03
5.263058276445640331e+02 2.857812863462387467e-03
5.263458276445639967e+02 2.837273521379798675e-03
5.263858276445639603e+02 2.794394907108387928e-03
5.264258276445640377e+02 2.721420832062900787e-03
5.264658276445640013e+02 2.650792634885732434e-03
5.265058276445639649e+02 2.605462941646335788e-03
5.265458276445640422e+02 2.566483942247900843e-03
5.265858276445640058e+02 2.518820038104063914e-03
5.266258276445639694e+02 2.472303210917385901e-03
5.266658276445640468e+02 2.417708085480948024e-03
5.267058276445640104e+02 2.333391417547112535e-03
5.267458276445639740e+02 2.219667358687735584e-03
5.267858276445640513e+02 2.096095196395007538e-03
5.268258276445640149e+02 1.987630123266322275e-03
5.268658276445639785e+02 1.911783407386187950e-03
5.269058276445640558e+02 1.879549956972923104e-03
5.269458276445640195e+02 1.883523820012174277e-03
5.269858276445639831e+02 1.889217085315492411e-03
5.270258276445599677e+02 1.865637710354120429e-03
5.270658276445600450e+02 1.811056154973004172e-03
5.271058276445600086e+02 1.745531379229563586e-03
5.271458276445599722e+02 1.680460914968885102e-03
5.271858276445600495e+02 1.606909964304378434e-03
5.272258276445600131e+02 1.527790378218592520e-03
5.272658276445599768e+02 1.462163353948690934e-03
5.273058276445600541e+02 1.420775024278994169e-03
5.273458276445600177e+02 1.396415721200162333e-03
5.273858276445599813e+02 1.371831562102378537e-03
5.274258276445599449e+02 1.331275493413426473e-03
5.274658276445600222e+02 1.273969364477977977e-03
5.275058276445599859e+02 1.216111158198285389e-03
5.275458276445599495e+02 1.173362736332704504e-03
5.275858276445600268e+02 1.151576743006298923e-03
5.276258276445599904e+02 1.144848308173308012e-03
5.276658276445599540e+02 1.142762913061032455e-03
5.277058276445600313e+02 1.149570966543689635e-03
5.277458276445599950e+02 1.180178280628036260e-03
5.277858276445599586e+02 1.233113996621013455e-03
5.278258276445600359e+02 1.276432886706164744e-03
5.278658276445599995e+02 1.277813961170266681e-03
5.279058276445599631e+02 1.250861333257158878e-03
5.279458276445600404e+02 1.227528128940599166e-03
5.279858276445600040e+02 1.221121160087730324e-03
5.280258276445599677e+02 1.226600167077588526e-03
5.280658276445600450e+02 1.217176939442713660e-03
5.281058276445600086e+02 1.163566783722843126e-03
5.281458276445599722e+02 1.074034052803907483e-03
5.281858276445600495e+02 9.804992390771900303e-04
5.282258276445600131e+02 9.064856477928311552e-04
5.282658276445599768e+02 8.598254696106091225e-04
5.283058276445600541e+02 8.329428963989133575e-04
5.283458276445600177e+02 8.047881492364307963e-04
5.283858276445599813e+02 7.615560741761685012e-04
5.284258276445599449e+02 7.124346005533356476e-04
5.284658276445600222e+02 6.672835397962893333e-04
5.285058276445599859e+02 6.264850452128746527e-04
5.285458276445599495e+02 5.925995678303942185e-04
5.285858276445600268e+02 5.702324197248455351e-04
5.286258276445599904e+02 5.599660760983668235e-04
5.286658276445599540e+02 5.589800304834761403e-04
5.287058276445600313e+02 5.653648411095126090e-04
5.287458276445599950e+02 5.760205916316245549e-04
5.287858276445599586e+02 5.779780938463228990e-04
5.288258276445600359e+02 5.561462699303154969e-04
5.288658276445599995e+02 5.144697245321120781e-04
5.289058276445599631e+02 4.699276786841271019e-04
5.289458276445600404e+02 4.328542008689460286e-04
5.289858276445600040e+02 4.045948428634611911e-04
5.290258276445599677e+02 3.833312119213486266e-04
5.290658276445600450e+02 3.670974426126969673e-04
5.291058276445600086e+02 3.544213433616700431e-04
5.291458276445599722e+02 3.441964453549549636e-04
5.291858276445600495e+02 3.355418394171999930e-04
5.292258276445600131e+02 3.280007363674846245e-04
5.292658276445599768e+02 3.216404089900591493e-04
5.293058276445600541e+02 3.165749836192303587e-04
5.293458276445600177e+02 3.125022362995477296e-04
5.293858276445599813e+02 3.085847280258802346e-04
5.294258276445599449e+02 3.042034805157076962e-04
5.294658276445600222e+02 2.998370045250559036e-04
5.295058276445599859e+02 2.960877586321964501e-04
5.295458276445599495e+02 2.927834975836611422e-04
5.295858276445600268e+02 2.894515062613193558e-04
5.296258276445599904e+02 2.856315145680601484e-04
5.296658276445599540e+02 2.809374417196028274e-04
5.297058276445600313e+02 2.759178922397103727e-04
5.297458276445599950e+02 2.714138902092021687e-04
5.297858276445599586e+02 2.673767493857196528e-04
5.298258276445600359e+02 2.632631993031591712e-04
5.298658276445599995e+02 2.592030381768736140e-04
5.299058276445599631e+02 2.558079890613352593e-04
5.299458276445600404e+02 2.533216051668608871e-04
5.299858276445600040e+02 2.515480872886792529e-04
5.300258276445599677e+02 2.502469144893517327e-04
5.300658276445600450e+02 2.489954511570202818e-04
5.301058276445600086e+02 2.469460570232491904e-04
5.301458276445599722e+02 2.436163333065862629e-04
5.301858276445600495e+02 2.393818043404040050e-04
5.302258276445600131e+02 2.348139291422216067e-04
5.302658276445599768e+02 2.300662533224685953e-04
5.303058276445600541e+02 2.254383850828820912e-04
5.303458276445600177e+02 2.214000970496586887e-04
5.303858276445599813e+02 2.181360501874987016e-04
5.304258276445599449e+02 2.154583850920536461e-04
5.304658276445600222e+02 2.128675077160106929e-04
5.305058276445599859e+02 2.099018603120321393e-04
5.305458276445599495e+02 2.066652869483414723e-04
5.305858276445600268e+02 2.035589619371561826e-04
5.306258276445599904e+02 2.008062525870475657e-04
5.306658276445599540e+02 1.984290410962085967e-04
5.307058276445600313e+02 1.963443769074832402e-04
5.307458276445599950e+02 1.943512150095400080e-04
5.307858276445599586e+02 1.921834885152637904e-04
5.308258276445600359e+02 1.897755316395159577e-04
5.308658276445599995e+02 1.873194397707036584e-04
5.309058276445599631e+02 1.849815264206164313e-04
5.309458276445600404e+02 1.827985647546871554e-04
5.309858276445600040e+02 1.807489369365424003e-04
5.310258276445599677e+02 1.788033661538822273e-04
5.310658276445600450e+02 1.769388744581767330e-04
5.311058276445600086e+02 1.751394448035975917e-04
5.311458276445599722e+02 1.733941300255735062e-04
5.311858276445600495e+02 1.716953373099281191e-04
5.312258276445600131e+02 1.700376545830738326e-04
5.312658276445599768e+02 1.684171029307994602e-04
5.313058276445600541e+02 1.668306667774952510e-04
5.313458276445600177e+02 1.652759964929251420e-04
5.313858276445599813e+02 1.637512175489221392e-04
5.314258276445599449e+02 1.622548065509353554e-04
5.314658276445600222e+02 1.607855105052220931e-04
5.315058276445599859e+02 1.593422953803190338e-04
5.315458276445599495e+02 1.579243160652598894e-04
5.315858276445600268e+02 1.565309039159374011e-04
5.316258276445599904e+02 1.551615713332028757e-04
5.316658276445599540e+02 1.538160361037763059e-04
5.317058276445600313e+02 1.524942724532257050e-04
5.317458276445599950e+02 1.511966020642811141e-04
5.317858276445599586e+02 1.499238482375960966e-04
5.318258276445600359e+02 1.486775911997026368e-04
5.318658276445599995e+02 1.474605790122535901e-04
5.319058276445599631e+02 1.462773385193425987e-04
5.319458276445600404e+02 1.451348589303120987e-04
5.319858276445600040e+02 1.440423624910881588e-04
5.320258276445599677e+02 1.430061843527281168e-04
5.320658276445600450e+02 1.420104802226733443e-04
5.321058276445600086e+02 1.409871720117054136e-04
5.321458276445599722e+02 1.398485064533943928e-04
5.321858276445600495e+02 1.385993933028616251e-04
5.322258276445600131e+02 1.373292423525723088e-04
5.322658276445599768e+02 1.361014277631726111e-04
5.323058276445600541e+02 1.349288773636396726e-04
5.323458276445600177e+02 1.338046887062401577e-04
5.323858276445599813e+02 1.327201623788949064e-04
5.324258276445599449e+02 1.316695109491246470e-04
5.324658276445600222e+02 1.306502634961562680e-04
5.325058276445599859e+02 1.296629359840137982e-04
5.325458276445599495e+02 1.287103284995813027e-04
5.325858276445600268e+02 1.277944751853376962e-04
5.326258276445599904e+02 1.269062911355264475e-04
5.326658276445599540e+02 1.260093529950480741e-04
5.327058276445600313e+02 1.250561718054667886e-04
5.327458276445599950e+02 1.240477330992562001e-04
5.327858276445599586e+02 1.230309967089351052e-04
5.328258276445600359e+02 1.220397979974151921e-04
5.328658276445599995e+02 1.210808909612607010e-04
5.329058276445599631e+02 1.201501409469743541e-04
5.329458276445600404e+02 1.192421972112836883e-04
5.329858276445600040e+02 1.183529461331650538e-04
5.330258276445599677e+02 1.174795659261166969e-04
5.330658276445600450e+02 1.166201546991961393e-04
5.331058276445600086e+02 1.157734078586681486e-04
5.331458276445599722e+02 1.149384013784816969e-04
5.331858276445600495e+02 1.141144556011739061e-04
5.332258276445600131e+02 1.133010507317174973e-04
5.332658276445599768e+02 1.124977739983309532e-04
5.333058276445600541e+02 1.117042860757474414e-04
5.333458276445600177e+02 1.109202993290658488e-04
5.333858276445599813e+02 1.101455634250464422e-04
5.334258276445600586e+02 1.093798556199293022e-04
5.334658276445600222e+02 1.086229740727350467e-04
5.335058276445599859e+02 1.078747331531975935e-04
5.335458276445599495e+02 1.071349600889146415e-04
5.335858276445600268e+02 1.064034925274519463e-04
5.336258276445599904e+02 1.056801767339480918e-04
5.336658276445599540e+02 1.049648662370505480e-04
5.337058276445600313e+02 1.042574207958380493e-04
5.337458276445599950e+02 1.035577055997756544e-04
5.337858276445599586e+02 1.028655906400945032e-04
5.338258276445600359e+02 1.021809502088683497e-04
5.338658276445599995e+02 1.015036624943539928e-04
5.339058276445599631e+02 1.008336092497317887e-04
5.339458276445600404e+02 1.001706755184307958e-04
5.339858276445600040e+02 9.951474940353828525e-05
5.340258276445599677e+02 9.886572187190243279e-05
5.340658276445600450e+02 9.822348658581455327e-05
5.341058276445600086e+02 9.758793975682202872e-05
5.341458276445599722e+02 9.695898001747034912e-05
5.341858276445600495e+02 9.633650830770080175e-05
5.342258276445600131e+02 9.572042777333729944e-05
5.342658276445599768e+02 9.511064367463177246e-05
5.343058276445600541e+02 9.450706330325027763e-05
5.343458276445600177e+02 9.390959590640039474e-05
5.343858276445599813e+02 9.331815261705265238e-05
5.344258276445600586e+02 9.273264638939907034e-05
5.344658276445600222e+02 9.215299193885000974e-05
5.345058276445599859e+02 9.157910568599207440e-05
5.345458276445599495e+02 9.101090570402711440e-05
5.345858276445600268e+02 9.044831166929174614e-05
5.346258276445599904e+02 8.989124481452124562e-05
5.346658276445599540e+02 8.933962788457162614e-05
5.347058276445600313e+02 8.879338509435989886e-05
5.347458276445599950e+02 8.825244208881250613e-05
5.347858276445599586e+02 8.771672590464474188e-05
5.348258276445600359e+02 8.718616493381638926e-05
5.348658276445599995e+02 8.666068888852880917e-05
5.349058276445599631e+02 8.614022876764530160e-05
5.349458276445600404e+02 8.562471682443213369e-05
5.349858276445600040e+02 8.511408653552691170e-05
5.350258276445599677e+02 8.460827257105477074e-05
5.350658276445600450e+02 8.410721076581770782e-05
5.351058276445600086e+02 8.361083809149309027e-05
5.351458276445599722e+02 8.311909262978258936e-05
5.351858276445600495e+02 8.263191354645594655e-05
5.352258276445600131e+02 8.214924106624577082e-05
5.352658276445599768e+02 8.167101644854415758e-05
5.353058276445600541e+02 8.119718196386385993e-05
5.353458276445600177e+02 8.072768087102670206e-05
5.353858276445599813e+02 8.026245739504295467e-05
5.354258276445600586e+02 7.980145670565292758e-05
5.354658276445600222e+02 7.934462489649865991e-05
5.355058276445599859e+02 7.889190896490022923e-05
5.355458276445599495e+02 7.844325679221055025e-05
5.355858276445600268e+02 7.799861712472485145e-05
5.356258276445599904e+02 7.755793955512179012e-05
5.356658276445599540e+02 7.712117450441716474e-05
5.357058276445600313e+02 7.668827320440855405e-05
5.357458276445599950e+02 7.625918768059246496e-05
5.357858276445599586e+02 7.583387073553771282e-05
5.358258276445600359e+02 7.541227593269684637e-05
5.358658276445599995e+02 7.499435758064169910e-05
5.359058276445599631e+02 7.458007071770451349e-05
5.359458276445600404e+02 7.416937109701576131e-05
5.359858276445600040e+02 7.376221517191883259e-05
5.360258276445599677e+02 7.335856008175537261e-05
5.360658276445600450e+02 7.295836363800187337e-05
5.361058276445600086e+02 7.256158431075224744e-05
5.361458276445599722e+02 7.216818121552968761e-05
5.361858276445600495e+02 7.177811410042167300e-05
5.362258276445600131e+02 7.139134333352314607e-05
5.362658276445599768e+02 7.100782989068239888e-05
5.363058276445600541e+02 7.062753534353648200e-05
5.363458276445600177e+02 7.025042184782876343e-05
5.363858276445599813e+02 6.987645213200045194e-05
5.364258276445600586e+02 6.950558948604480900e-05
5.364658276445600222e+02 6.913779775061959054e-05
5.365058276445599859e+02 6.877304130640580593e-05
5.365458276445599495e+02 6.841128506370929756e-05
5.365858276445600268e+02 6.805249445229397381e-05
5.366258276445599904e+02 6.769663541144203323e-05
5.366658276445599540e+02 6.734367438023384817e-05
5.367058276445600313e+02 6.699357828803956586e-05
5.367458276445599950e+02 6.664631454521741279e-05
5.367858276445599586e+02 6.630185103401192584e-05
5.368258276445600359e+02 6.596015609964584912e-05
5.368658276445599995e+02 6.562119854159996360e-05
5.369058276445599631e+02 6.528494760507438520e-05
5.369458276445600404e+02 6.495137297262749574e-05
5.369858276445600040e+02 6.462044475598490399e-05
5.370258276445599677e+02 6.429213348801434379e-05
5.370658276445600450e+02 6.396641011486108833e-05
5.371058276445600086e+02 6.364324598823886616e-05
5.371458276445599722e+02 6.332261285787073584e-05
5.371858276445600495e+02 6.300448286407551481e-05
5.372258276445600131e+02 6.268882853049545262e-05
5.372658276445599768e+02 6.237562275695887387e-05
5.373058276445600541e+02 6.206483881247505305e-05
5.373458276445600177e+02 6.175645032835526350e-05
5.373858276445599813e+02 6.145043129145581263e-05
5.374258276445600586e+02 6.114675603753947199e-05
5.374658276445600222e+02 6.084539924474981350e-05
5.375058276445599859e+02 6.054633592719411495e-05
5.375458276445599495e+02 6.024954142863106715e-05
5.375858276445600268e+02 5.995499141625872921e-05
5.376258276445599904e+02 5.966266187459751407e-05
5.376658276445599540e+02 5.937252909946516858e-05
5.377058276445600313e+02 5.908456969203817815e-05
5.377458276445599950e+02 5.879876055299576712e-05
5.377858276445599586e+02 5.851507887674177206e-05
5.378258276445600359e+02 5.823350214569994942e-05
5.378658276445599995e+02 5.795400812467787252e-05
5.379058276445599631e+02 5.767657485529488449e-05
5.379458276445600404e+02 5.740118065046947917e-05
5.379858276445600040e+02 5.712780408896026859e-05
5.380258276445599677e+02 5.685642400995672893e-05
5.380658276445600450e+02 5.658701950771368052e-05
5.381058276445600086e+02 5.631956992622360637e-05
5.381458276445599722e+02 5.605405485392266247e-05
5.381858276445600495e+02 5.579045411842287140e-05
5.382258276445600131e+02 5.552874778126521403e-05
5.382658276445599768e+02 5.526891613268710720e-05
5.383058276445600541e+02 5.501093968639738952e-05
5.383458276445600177e+02 5.475479917435121906e-05
5.383858276445599813e+02 5.450047554151848613e-05
5.384258276445600586e+02 5.424794994063636292e-05
5.384658276445600222e+02 5.399720372693819705e-05
5.385058276445599859e+02 5.374821845284976404e-05
5.385458276445599495e+02 5.350097586264255134e-05
5.385858276445600268e+02 5.325545788703470938e-05
5.386258276445599904e+02 5.301164663772656415e-05
5.386658276445599540e+02 5.276952440186116408e-05
5.387058276445600313e+02 5.252907363639478384e-05
5.387458276445599950e+02 5.229027696236397498e-05
5.387858276445599586e+02 5.205311715903455369e-05
5.388258276445600359e+02 5.181757715791464319e-05
5.388658276445599995e+02 5.158364003661475555e-05
5.389058276445599631e+02 5.135128901253496346e-05
5.389458276445600404e+02 5.112050743635726817e-05
5.389858276445600040e+02 5.089127878531966316e-05
5.390258276445599677e+02 5.066358665624685551e-05
5.390658276445600450e+02 5.043741475830776822e-05
5.391058276445600086e+02 5.021274690546957448e-05
5.391458276445599722e+02 4.998956700861384699e-05
5.391858276445600495e+02 4.976785906727513393e-05
5.392258276445600131e+02 4.954760716096212386e-05
5.392658276445599768e+02 4.932879544001227839e-05
5.393058276445600541e+02 4.911140811592925307e-05
5.393458276445600177e+02 4.889542945114474235e-05
5.393858276445599813e+02 4.868084374814038104e-05
5.394258276445600586e+02 4.846763533785691157e-05
5.394658276445600222e+02 4.825578856731187015e-05
5.395058276445599859e+02 4.804528778633235383e-05
5.395458276445599495e+02 4.783611733330460597e-05
5.395858276445600268e+02 4.762826151982406484e-05
5.396258276445599904e+02 4.742170461411814958e-05
5.396658276445599540e+02 4.721643082309604639e-05
5.397058276445600313e+02 4.701242427286171947e-05
5.397458276445599950e+02 4.680966898750297275e-05
5.397858276445599586e+02 4.660814886594514975e-05
5.398258276445600359e+02 4.640784765662820267e-05
5.398658276445599995e+02 4.620874892973226525e-05
5.399058276445599631e+02 4.601083604663575889e-05
5.399458276445600404e+02 4.581409212624695782e-05
5.399858276445600040e+02 4.561850000779259169e-05
5.400258276445599677e+02 4.542404220958654498e-05
5.400658276445600450e+02 4.523070088322691629e-05
5.401058276445600086e+02 4.503845776258133809e-05
5.401458276445599722e+02 4.484729410681976235e-05
5.401858276445600495e+02 4.465719063662927462e-05
5.402258276445600131e+02 4.446812746260155118e-05
5.402658276445599768e+02 4.428008400461067072e-05
5.403058276445600541e+02 4.409303890079007294e-05
5.403458276445600177e+02 4.390696990446963489e-05
5.403858276445599813e+02 4.372185376713273969e-05
5.404258276445600586e+02 4.353766610508852012e-05
5.404658276445600222e+02 4.335438124711306763e-05
5.405058276445599859e+02 4.317197205977177041e-05
5.405458276445599495e+02 4.299040974647284224e-05
5.405858276445600268e+02 4.280966361548442587e-05
5.406258276445599904e+02 4.262970081113589031e-05
5.406658276445599540e+02 4.245048600116460043e-05
5.407058276445600313e+02 4.227198101159188222e-05
5.407458276445599950e+02 4.209414439852750522e-05
5.407858276445599586e+02 4.191693094378853878e-05
5.408258276445600359e+02 4.174029105801422120e-05
5.408658276445599995e+02 4.156417007085012731e-05
5.409058276445599631e+02 4.138850738246483655e-05
5.409458276445600404e+02 4.121323544375268312e-05
5.409858276445600040e+02 4.103827852351076921e-05
5.410258276445599677e+02 4.086355120888760710e-05
5.410658276445600450e+02 4.068895656939637995e-05
5.411058276445600086e+02 4.051438389322384911e-05
5.411458276445599722e+02 4.033970587522221361e-05
5.411858276445600495e+02 4.016477509560209173e-05
5.412258276445600131e+02 3.998941957216592337e-05
5.412658276445599768e+02 3.981343708976158767e-05
5.413058276445600541e+02 3.963658789759961858e-05
5.413458276445600177e+02 3.945858520131974930e-05
5.413858276445599813e+02 3.927908263572266092e-05
5.414258276445600586e+02 3.909765754344155225e-05
5.414658276445600222e+02 3.891378833503066233e-05
5.415058276445599859e+02 3.872682335072404731e-05
5.415458276445599495e+02 3.853593728409690305e-05
5.415858276445600268e+02 3.834006901191985177e-05
5.416258276445599904e+02 3.813783096597813982e-05
5.416658276445599540e+02 3.792737378956604938e-05
5.417058276445600313e+02 3.770617863265136275e-05
5.417458276445599950e+02 3.747072839977996447e-05
5.417858276445599586e+02 3.721596880078743852e-05
5.418258276445600359e+02 3.693438874275233296e-05
5.418658276445599995e+02 3.661437843244939774e-05
5.419058276445599631e+02 3.623714654608482946e-05
5.419458276445600404e+02 3.577062046826013600e-05
5.419858276445600040e+02 3.515684988622404630e-05
5.420258276445599677e+02 3.428631609735050066e-05
5.420658276445600450e+02 3.295931916545134538e-05
5.421058276445600086e+02 3.094454312379797765e-05
