5.021364959484499764e+02 6.774682993927699608e-05
5.021764959484499968e+02 7.056765033527020461e-05
5.022164959484500173e+02 7.237709013271079921e-05
5.022564959484499809e+02 7.366243497197328956e-05
5.022964959484500014e+02 7.466109865072243347e-05
5.023364959484500218e+02 7.549104168202347344e-05
5.023764959484499855e+02 7.621522881022898448e-05
5.024164959484500059e+02 7.686973541034005893e-05
5.024564959484500264e+02 7.747652700350763440e-05
5.024964959484499900e+02 7.804967493210587500e-05
5.025364959484500105e+02 7.859858413546751696e-05
5.025764959484499741e+02 7.912976939663535897e-05
5.026164959484499946e+02 7.964788306426951294e-05
5.026564959484500150e+02 8.015633592162628646e-05
5.026964959484499786e+02 8.065768652716203422e-05
5.027364959484499991e+02 8.115389341604723871e-05
5.027764959484500196e+02 8.164648317249072976e-05
5.028164959484499832e+02 8.213666527425926664e-05
5.028564959484500037e+02 8.262541232723222891e-05
5.028964959484500241e+02 8.311351724126318232e-05
5.029364959484499877e+02 8.360163470480413733e-05
5.029764959484500082e+02 8.409031175637686115e-05
5.030164959484500287e+02 8.458001064922959246e-05
5.030564959484499923e+02 8.507112617999338712e-05
5.030964959484500127e+02 8.556399898180696553e-05
5.031364959484499764e+02 8.605892583583740654e-05
5.031764959484499968e+02 8.655616775246968708e-05
5.032164959484500173e+02 8.705595636501869874e-05
5.032564959484499809e+02 8.755849903316437828e-05
5.032964959484500014e+02 8.806398295013248968e-05
5.033364959484500218e+02 8.857257847362623752e-05
5.033764959484499855e+02 8.908444184679639049e-05
5.034164959484500059e+02 8.959971743611639555e-05
5.034564959484500264e+02 9.011853958380066179e-05
5.034964959484499900e+02 9.064103415054350593e-05
5.035364959484500105e+02 9.116731980783554458e-05
5.035764959484499741e+02 9.169750912653358869e-05
5.036164959484499946e+02 9.223170949871408461e-05
5.036564959484500150e+02 9.277002392236194275e-05
5.036964959484499786e+02 9.331255167264517825e-05
5.037364959484499991e+02 9.385938887894754114e-05
5.037764959484500196e+02 9.441062902325321568e-05
5.038164959484499832e+02 9.496636337260178204e-05
5.038564959484500037e+02 9.552668135606539289e-05
5.038964959484500241e+02 9.609167089486025416e-05
5.039364959484499877e+02 9.666141869273200298e-05
5.039764959484500082e+02 9.723601049255265675e-05
5.040164959484500287e+02 9.781553130409282779e-05
5.040564959484499923e+02 9.840006560713531803e-05
5.040964959484500127e+02 9.898969753343504849e-05
5.041364959484499764e+02 9.958451103049111778e-05
5.041764959484499968e+02 1.001845900096489002e-04
5.042164959484500173e+02 1.007900184806739162e-04
5.042564959484499809e+02 1.014008806746276092e-04
5.042964959484500014e+02 1.020172611566158734e-04
5.043364959484500218e+02 1.026392449297609528e-04
5.043764959484499855e+02 1.032669175315603020e-04
5.044164959484500059e+02 1.039003651236421546e-04
5.044564959484500264e+02 1.045396745757951084e-04
5.044964959484499900e+02 1.051849335450334060e-04
5.045364959484500105e+02 1.058362305503648992e-04
5.045764959484499741e+02 1.064936550438486020e-04
5.046164959484499946e+02 1.071572974784547967e-04
5.046564959484500150e+02 1.078272493731833540e-04
5.046964959484499786e+02 1.085036033758399068e-04
5.047364959484499991e+02 1.091864533238317550e-04
5.047764959484500196e+02 1.098758943032970533e-04
5.048164959484499832e+02 1.105720227068574018e-04
5.048564959484500037e+02 1.112749362902469585e-04
5.048964959484500241e+02 1.119847342280514899e-04
5.049364959484499877e+02 1.127015171687667050e-04
5.049764959484500082e+02 1.134253872893640504e-04
5.050164959484500287e+02 1.141564483495449049e-04
5.050564959484499923e+02 1.148948057458340011e-04
5.050964959484500127e+02 1.156405665656699464e-04
5.051364959484499764e+02 1.163938396416217013e-04
5.051764959484499968e+02 1.171547356058656459e-04
5.052164959484500173e+02 1.179233669450371023e-04
5.052564959484499809e+02 1.186998480555764976e-04
5.052964959484500014e+02 1.194842952996702924e-04
5.053364959484500218e+02 1.202768270618948936e-04
5.053764959484499855e+02 1.210775638066600567e-04
5.054164959484500059e+02 1.218866281365440450e-04
5.054564959484500264e+02 1.227041448516154396e-04
5.054964959484499900e+02 1.235302410098320508e-04
5.055364959484500105e+02 1.243650459886008188e-04
5.055764959484499741e+02 1.252086915475898342e-04
5.056164959484499946e+02 1.260613118928747384e-04
5.056564959484500150e+02 1.269230437425064475e-04
5.056964959484499786e+02 1.277940263935871889e-04
5.057364959484499991e+02 1.286744017909360340e-04
5.057764959484500196e+02 1.295643145974341307e-04
5.058164959484499832e+02 1.304639122661350710e-04
5.058564959484500037e+02 1.313733451142293533e-04
5.058964959484500241e+02 1.322927663989496741e-04
5.059364959484499877e+02 1.332223323955141956e-04
5.059764959484500082e+02 1.341622024771970171e-04
5.060164959484500287e+02 1.351125391976200959e-04
5.060564959484499923e+02 1.360735083753748472e-04
5.060964959484500127e+02 1.370452791810599432e-04
5.061364959484499764e+02 1.380280242268525667e-04
5.061764959484499968e+02 1.390219196587153612e-04
5.062164959484500173e+02 1.400271452513493931e-04
5.062564959484499809e+02 1.410438845060115495e-04
5.062964959484500014e+02 1.420723247513147928e-04
5.063364959484500218e+02 1.431126572471337600e-04
5.063764959484499855e+02 1.441650772917476002e-04
5.064164959484500059e+02 1.452297843323525396e-04
5.064564959484500264e+02 1.463069820790811621e-04
5.064964959484499900e+02 1.473968786226794369e-04
5.065364959484500105e+02 1.484996865559870451e-04
5.065764959484499741e+02 1.496156230993822003e-04
5.066164959484499946e+02 1.507449102303545416e-04
5.066564959484500150e+02 1.518877748173785966e-04
5.066964959484499786e+02 1.530444487582685489e-04
5.067364959484499991e+02 1.542151691232017440e-04
5.067764959484500196e+02 1.554001783026042448e-04
5.068164959484499832e+02 1.565997241601130015e-04
5.068564959484500037e+02 1.578140601908192516e-04
5.068964959484500241e+02 1.590434456850312408e-04
5.069364959484499877e+02 1.602881458977824291e-04
5.069764959484500082e+02 1.615484322243408645e-04
5.070164959484479823e+02 1.628245823819770600e-04
5.070564959484480028e+02 1.641168805982664105e-04
5.070964959484480232e+02 1.654256178062146840e-04
5.071364959484479868e+02 1.667510918465027101e-04
5.071764959484480073e+02 1.680936076771768800e-04
5.072164959484480278e+02 1.694534775911143531e-04
5.072564959484479914e+02 1.708310214416158216e-04
5.072964959484480119e+02 1.722265668764967400e-04
5.073364959484479755e+02 1.736404495810667627e-04
5.073764959484479959e+02 1.750730135304089802e-04
5.074164959484480164e+02 1.765246112513917391e-04
5.074564959484479800e+02 1.779956040948698498e-04
5.074964959484480005e+02 1.794863625185593565e-04
5.075364959484480210e+02 1.809972663810944442e-04
5.075764959484479846e+02 1.825287052477982011e-04
5.076164959484480050e+02 1.840810787087501039e-04
5.076564959484480255e+02 1.856547967097347466e-04
5.076964959484479891e+02 1.872502798967181866e-04
5.077364959484480096e+02 1.888679599745196418e-04
5.077764959484479732e+02 1.905082800803943556e-04
5.078164959484479937e+02 1.921716951732800388e-04
5.078564959484480141e+02 1.938586724395059192e-04
5.078964959484479778e+02 1.955696917158135178e-04
5.079364959484479982e+02 1.973052459305960874e-04
5.079764959484480187e+02 1.990658415642974758e-04
5.080164959484479823e+02 2.008519991300004057e-04
5.080564959484480028e+02 2.026642536752796988e-04
5.080964959484480232e+02 2.045031553064602685e-04
5.081364959484479868e+02 2.063692697365133468e-04
5.081764959484480073e+02 2.082631788578858398e-04
5.082164959484480278e+02 2.101854813416481475e-04
5.082564959484479914e+02 2.121367932644412525e-04
5.082964959484480119e+02 2.141177487647979907e-04
5.083364959484479755e+02 2.161290007305239486e-04
5.083764959484479959e+02 2.181712215189334815e-04
5.084164959484480164e+02 2.202451037118660160e-04
5.084564959484479800e+02 2.223513609075385004e-04
5.084964959484480005e+02 2.244907285514354488e-04
5.085364959484480210e+02 2.266639648085940417e-04
5.085764959484479846e+02 2.288718514798183598e-04
5.086164959484480050e+02 2.311151949645293558e-04
5.086564959484480255e+02 2.333948272731669032e-04
5.086964959484479891e+02 2.357116070922793004e-04
5.087364959484480096e+02 2.380664209056568390e-04
5.087764959484479732e+02 2.404601841751436266e-04
5.088164959484479937e+02 2.428938425850285434e-04
5.088564959484480141e+02 2.453683733542159646e-04
5.088964959484479778e+02 2.478847866207365661e-04
5.089364959484479982e+02 2.504441269034842518e-04
5.089764959484480187e+02 2.530474746464971871e-04
5.090164959484479823e+02 2.556959478515116995e-04
5.090564959484480028e+02 2.583907038050147539e-04
5.090964959484480232e+02 2.611329409065231248e-04
5.091364959484479868e+02 2.639239006054100185e-04
5.091764959484480073e+02 2.667648694542217903e-04
5.092164959484480278e+02 2.696571812871292667e-04
5.092564959484479914e+02 2.726022195329042691e-04
5.092964959484480119e+02 2.756014196727031031e-04
5.093364959484479755e+02 2.786562718538052649e-04
5.093764959484479959e+02 2.817683236715596640e-04
5.094164959484480164e+02 2.849391831328829941e-04
5.094564959484479800e+02 2.881705218159452990e-04
5.094964959484480005e+02 2.914640782420895243e-04
5.095364959484480210e+02 2.948216614775941774e-04
5.095764959484479846e+02 2.982451549846327002e-04
5.096164959484480050e+02 3.017365207427418275e-04
5.096564959484480255e+02 3.052978036642755915e-04
5.096964959484479891e+02 3.089311363297742659e-04
5.097364959484480096e+02 3.126387440718896710e-04
5.097764959484479732e+02 3.164229504395965056e-04
5.098164959484479937e+02 3.202861830778554772e-04
5.098564959484480141e+02 3.242309800617829813e-04
5.098964959484479778e+02 3.282599967287774378e-04
5.099364959484479982e+02 3.323760130570184695e-04
5.099764959484480187e+02 3.365819416443681877e-04
5.100164959484479823e+02 3.408808363481125123e-04
5.100564959484480028e+02 3.452759016532369130e-04
5.100964959484480232e+02 3.497705028452409849e-04
5.101364959484479868e+02 3.543681770729693306e-04
5.101764959484480073e+02 3.590726453978018186e-04
5.102164959484480278e+02 3.638878259380500706e-04
5.102564959484479914e+02 3.688178482317517812e-04
5.102964959484480119e+02 3.738670689576926412e-04
5.103364959484479755e+02 3.790400891736932535e-04
5.103764959484479959e+02 3.843417732535356498e-04
5.104164959484480164e+02 3.897772697299267675e-04
5.104564959484479800e+02 3.953520342813105024e-04
5.104964959484480005e+02 4.010718551359835314e-04
5.105364959484480210e+02 4.069428812089646115e-04
5.105764959484479846e+02 4.129716533366548916e-04
5.106164959484480050e+02 4.191651390331115642e-04
5.106564959484480255e+02 4.255307712618344815e-04
5.106964959484479891e+02 4.320764918007720780e-04
5.107364959484480096e+02 4.388107998789698440e-04
5.107764959484479732e+02 4.457428068850270578e-04
5.108164959484479937e+02 4.528822980953876127e-04
5.108564959484480141e+02 4.602398025511004282e-04
5.108964959484479778e+02 4.678266724337943726e-04
5.109364959484479982e+02 4.756551735664361381e-04
5.109764959484480187e+02 4.837385890070247359e-04
5.110164959484479823e+02 4.920913381337079385e-04
5.110564959484480028e+02 5.007291141648800197e-04
5.110964959484480232e+02 5.096690437545535034e-04
5.111364959484479868e+02 5.189298732025117130e-04
5.111764959484480073e+02 5.285321869917101621e-04
5.112164959484480278e+02 5.384986659130648091e-04
5.112564959484479914e+02 5.488543941052676130e-04
5.112964959484480119e+02 5.596272271365765154e-04
5.113364959484479755e+02 5.708482371010507005e-04
5.113764959484479959e+02 5.825522560678364926e-04
5.114164959484480164e+02 5.947785468373034288e-04
5.114564959484479800e+02 6.075716409620789864e-04
5.114964959484480005e+02 6.209824002028442374e-04
5.115364959484480210e+02 6.350693819689935855e-04
5.115764959484479846e+02 6.499006267640177695e-04
5.116164959484480050e+02 6.655560445691777573e-04
5.116564959484480255e+02 6.821306719355916702e-04
5.116964959484479891e+02 6.997392279015680634e-04
5.117364959484480096e+02 7.185226606596470823e-04
5.117764959484479732e+02 7.386578314187620562e-04
5.118164959484479937e+02 7.603722768641762693e-04
5.118564959484480141e+02 7.839673839770920898e-04
5.118964959484479778e+02 8.098556732829535363e-04
5.119364959484479982e+02 8.386214048398674733e-04
5.119764959484480187e+02 8.711163874624869123e-04
5.120164959484479823e+02 9.085904889248365163e-04
5.120564959484479459e+02 9.527607755746331404e-04
5.120964959484480232e+02 1.005306376960998522e-03
5.121364959484479868e+02 1.065297484855243833e-03
5.121764959484479505e+02 1.124381281049231015e-03
5.122164959484480278e+02 1.170951897725972923e-03
5.122564959484479914e+02 1.207567779857958478e-03
5.122964959484479550e+02 1.248920766080753456e-03
5.123364959484480323e+02 1.305383651027468500e-03
5.123764959484479959e+02 1.381291394377179120e-03
5.124164959484479596e+02 1.480249021196034399e-03
5.124564959484480369e+02 1.607725888858824170e-03
5.124964959484480005e+02 1.771218461427341399e-03
5.125364959484479641e+02 1.977915130219094850e-03
5.125764959484480414e+02 2.226105462742583758e-03
5.126164959484480050e+02 2.500314691213973220e-03
5.126564959484479687e+02 2.807787061240707340e-03
5.126964959484480460e+02 3.217919777306319645e-03
5.127364959484480096e+02 3.825185022333098088e-03
5.127764959484479732e+02 4.710564748784444589e-03
5.128164959484480505e+02 5.887771926316717752e-03
5.128564959484480141e+02 7.173669225617509623e-03
5.128964959484479778e+02 8.083074010499518777e-03
5.129364959484480551e+02 8.185781312235665755e-03
5.129764959484480187e+02 7.766997906782955458e-03
5.130164959484479823e+02 7.406643898880228144e-03
5.130564959484479459e+02 7.284750436811119820e-03
5.130964959484480232e+02 7.258735016642545515e-03
5.131364959484479868e+02 7.258349297708176565e-03
5.131764959484479505e+02 7.241308089810185450e-03
5.132164959484480278e+02 7.154277577377413794e-03
5.132564959484479914e+02 7.165539662859789910e-03
5.132964959484479550e+02 7.578493056512435738e-03
5.133364959484480323e+02 8.536289209291007124e-03
5.133764959484479959e+02 9.829558940193126870e-03
5.134164959484479596e+02 1.080845768487355765e-02
5.134564959484480369e+02 1.089070804503078707e-02
5.134964959484480005e+02 1.028903599505001307e-02
5.135364959484479641e+02 9.478486920632637341e-03
5.135764959484480414e+02 8.573040550784963298e-03
5.136164959484480050e+02 7.599402167190388163e-03
5.136564959484479687e+02 6.761961342595452368e-03
5.136964959484480460e+02 6.204287519673890895e-03
5.137364959484480096e+02 5.961960643438523472e-03
5.137764959484479732e+02 6.004041039083244345e-03
5.138164959484480505e+02 6.276285798481578970e-03
5.138564959484480141e+02 6.688200440798416913e-03
5.138964959484479778e+02 7.065790155971260825e-03
5.139364959484480551e+02 7.223284735255137978e-03
5.139764959484480187e+02 7.076551976668002050e-03
5.140164959484479823e+02 6.738033303944871918e-03
5.140564959484479459e+02 6.434620447663411819e-03
5.140964959484480232e+02 6.278790544186502523e-03
5.141364959484479868e+02 6.182530918650107690e-03
5.141764959484479505e+02 6.057924284402213706e-03
5.142164959484480278e+02 6.008023583286548758e-03
5.142564959484479914e+02 6.116613079637185646e-03
5.142964959484479550e+02 6.316225945163105732e-03
5.143364959484480323e+02 6.536639121516173330e-03
5.143764959484479959e+02 6.835038697243197084e-03
5.144164959484479596e+02 7.273130018804215176e-03
5.144564959484480369e+02 7.894217194903579635e-03
5.144964959484480005e+02 8.730008458842917693e-03
5.145364959484479641e+02 9.677363189261031784e-03
5.145764959484480414e+02 1.055026086811621487e-02
5.146164959484480050e+02 1.143880074335489050e-02
5.146564959484479687e+02 1.258867822655852092e-02
5.146964959484480460e+02 1.394367800523918510e-02
5.147364959484480096e+02 1.513362746187505575e-02
5.147764959484479732e+02 1.589683534553814476e-02
5.148164959484480505e+02 1.647028718130285133e-02
5.148564959484480141e+02 1.727599203963885860e-02
5.148964959484479778e+02 1.847052197917433553e-02
5.149364959484480551e+02 2.011889790540127496e-02
5.149764959484480187e+02 2.246786692219458759e-02
5.150164959484479823e+02 2.547576640810166743e-02
5.150564959484479459e+02 2.829426993453588654e-02
5.150964959484480232e+02 2.956315436542367517e-02
5.151364959484479868e+02 2.886585302826745469e-02
5.151764959484479505e+02 2.702209829982275477e-02
5.152164959484480278e+02 2.499658588541985027e-02
5.152564959484479914e+02 2.354599855770654615e-02
5.152964959484479550e+02 2.304327145564350615e-02
5.153364959484480323e+02 2.356124966296246209e-02
5.153764959484479959e+02 2.511469628608485605e-02
5.154164959484479596e+02 2.757647763898394416e-02
5.154564959484480369e+02 3.051274530633674154e-02
5.154964959484480005e+02 3.326533419240542550e-02
5.155364959484479641e+02 3.587042104210359794e-02
5.155764959484480414e+02 3.956016220738686751e-02
5.156164959484480050e+02 4.541261005593473510e-02
5.156564959484479687e+02 5.362055308647448171e-02
5.156964959484480460e+02 6.401495907927137741e-02
5.157364959484480096e+02 7.635393638637648361e-02
5.157764959484479732e+02 8.848180382248053977e-02
5.158164959484480505e+02 9.601774916222943768e-02
5.158564959484480141e+02 9.711800103724158029e-02
5.158964959484479778e+02 9.399145796470984027e-02
5.159364959484480551e+02 9.026409761116815922e-02
5.159764959484480187e+02 8.973276009792667540e-02
5.160164959484477549e+02 9.570521106356270902e-02
5.160564959484478322e+02 1.098691798463811986e-01
5.160964959484476822e+02 1.305465979017247646e-01
5.161364959484477595e+02 1.496446490515053462e-01
5.161764959484477231e+02 1.572191950430531504e-01
5.162164959484478004e+02 1.543735746128042652e-01
5.162564959484476503e+02 1.477906818405265998e-01
5.162964959484478413e+02 1.399689205108451961e-01
5.163364959484476913e+02 1.334607557361761621e-01
5.163764959484477686e+02 1.318104731015015130e-01
5.164164959484477322e+02 1.367533315896339585e-01
5.164564959484476958e+02 1.450364021181349550e-01
5.164964959484477731e+02 1.494490008200630438e-01
5.165364959484477367e+02 1.466653793270465966e-01
5.165764959484478140e+02 1.381068649391151981e-01
5.166164959484476640e+02 1.251040181890782088e-01
5.166564959484478550e+02 1.097145329654779788e-01
5.166964959484477049e+02 9.657249914904286747e-02
5.167364959484477822e+02 8.848276625791751115e-02
5.167764959484477458e+02 8.513513913512005260e-02
5.168164959484478231e+02 8.428437134179754542e-02
5.168564959484476731e+02 8.246178821435139195e-02
5.168964959484477504e+02 7.796965118292445429e-02
5.169364959484477140e+02 7.164300177474719478e-02
5.169764959484477913e+02 6.496222741363566477e-02
5.170164959484477549e+02 5.922539678960266757e-02
5.170564959484477185e+02 5.571097419625870018e-02
5.170964959484477959e+02 5.529973757402478762e-02
5.171364959484477595e+02 5.786877006573572929e-02
5.171764959484477231e+02 6.163004406686475173e-02
5.172164959484478004e+02 6.390947922889846089e-02
5.172564959484476503e+02 6.389837377129761742e-02
5.172964959484478413e+02 6.224202009004929648e-02
5.173364959484476913e+02 5.935099716271367148e-02
5.173764959484477686e+02 5.598813623976279380e-02
5.174164959484477322e+02 5.291708432014612107e-02
5.174564959484476958e+02 4.961375833946037733e-02
5.174964959484477731e+02 4.513684676105135518e-02
5.175364959484477367e+02 3.995377046532175291e-02
5.175764959484478140e+02 3.558397864902995006e-02
5.176164959484476640e+02 3.302286489964787602e-02
5.176564959484478550e+02 3.244027850340004682e-02
5.176964959484477049e+02 3.347375819479772585e-02
5.177364959484477822e+02 3.540327979505659972e-02
5.177764959484477458e+02 3.713550449244594487e-02
5.178164959484478231e+02 3.746781873099762350e-02
5.178564959484476731e+02 3.577845475641200368e-02
5.178964959484477504e+02 3.303930901179858576e-02
5.179364959484477140e+02 3.117589827055228940e-02
5.179764959484477913e+02 3.115268937107073394e-02
5.180164959484479823e+02 3.295429562975722010e-02
5.180564959484479459e+02 3.634976003732180716e-02
5.180964959484480232e+02 4.048334498684019733e-02
5.181364959484479868e+02 4.311712866279809875e-02
5.181764959484479505e+02 4.214776193442770769e-02
5.182164959484480278e+02 3.833851511114288318e-02
5.182564959484479914e+02 3.405595266584011960e-02
5.182964959484479550e+02 3.085861507353833411e-02
5.183364959484480323e+02 2.905324620164747088e-02
5.183764959484479959e+02 2.837492878705313859e-02
5.184164959484479596e+02 2.858621067384418263e-02
5.184564959484480369e+02 2.955616920716264140e-02
5.184964959484480005e+02 3.086796452240674754e-02
5.185364959484479641e+02 3.217070710207139278e-02
5.185764959484480414e+02 3.343259315622457151e-02
5.186164959484480050e+02 3.393289000640608427e-02
5.186564959484479687e+02 3.215623734016715557e-02
5.186964959484480460e+02 2.843588239984696023e-02
5.187364959484480096e+02 2.473041114048241812e-02
5.187764959484479732e+02 2.186832176730970495e-02
5.188164959484480505e+02 1.957798038315362518e-02
5.188564959484480141e+02 1.790975070054045062e-02
5.188964959484479778e+02 1.694722244656842944e-02
5.189364959484480551e+02 1.617677565943414011e-02
5.189764959484480187e+02 1.499023310674063927e-02
5.190164959484479823e+02 1.359902356097340489e-02
5.190564959484479459e+02 1.257669545785534103e-02
5.190964959484480232e+02 1.216418463421696516e-02
5.191364959484479868e+02 1.226429869041793450e-02
5.191764959484479505e+02 1.271834299366822116e-02
5.192164959484480278e+02 1.352466751809459564e-02
5.192564959484479914e+02 1.459410876468614400e-02
5.192964959484479550e+02 1.553084297815025480e-02
5.193364959484480323e+02 1.597256100205098409e-02
5.193764959484479959e+02 1.599049623019781902e-02
5.194164959484479596e+02 1.574687838737238305e-02
5.194564959484480369e+02 1.512563357966509661e-02
5.194964959484480005e+02 1.385650383347365906e-02
5.195364959484479641e+02 1.225339129222901419e-02
5.195764959484480414e+02 1.093382570408431807e-02
5.196164959484480050e+02 1.015442628157244703e-02
5.196564959484479687e+02 9.887676978522384405e-03
5.196964959484480460e+02 1.008113614110969260e-02
5.197364959484480096e+02 1.070046012345321138e-02
5.197764959484479732e+02 1.168480089489189883e-02
5.198164959484480505e+02 1.301988226850674460e-02
5.198564959484480141e+02 1.484884147227386042e-02
5.198964959484479778e+02 1.723943730614957426e-02
5.199364959484480551e+02 2.014430869350784109e-02
5.199764959484480187e+02 2.349177755802908663e-02
5.200164959484479823e+02 2.649393852498497029e-02
5.200564959484479459e+02 2.801863246144381536e-02
5.200964959484480232e+02 2.781872071461263807e-02
5.201364959484479868e+02 2.595900998394264081e-02
5.201764959484479505e+02 2.314378019655007057e-02
5.202164959484480278e+02 2.059716040501142348e-02
5.202564959484479914e+02 1.885338173839563869e-02
5.202964959484479550e+02 1.790095319219951395e-02
5.203364959484480323e+02 1.770235887866051377e-02
5.203764959484479959e+02 1.830170775719809628e-02
5.204164959484479596e+02 1.984836663784898814e-02
5.204564959484480369e+02 2.252896738233651358e-02
5.204964959484480005e+02 2.626950725915240883e-02
5.205364959484479641e+02 3.052245036618930069e-02
5.205764959484480414e+02 3.432287172586750978e-02
5.206164959484480050e+02 3.688708115415136046e-02
5.206564959484479687e+02 3.773036913067803061e-02
5.206964959484480460e+02 3.655940999189363078e-02
5.207364959484480096e+02 3.477103985610584258e-02
5.207764959484479732e+02 3.386164593940404338e-02
5.208164959484480505e+02 3.407122028955713450e-02
5.208564959484480141e+02 3.478914178982053101e-02
5.208964959484479778e+02 3.566524214035197982e-02
5.209364959484480551e+02 3.695250639164140288e-02
5.209764959484480187e+02 3.974766609889953534e-02
5.210164959484479823e+02 4.442096191783176384e-02
5.210564959484479459e+02 4.882246959159673716e-02
5.210964959484480232e+02 4.956508621242790291e-02
5.211364959484479868e+02 4.633036742931917473e-02
5.211764959484479505e+02 4.118116810845216802e-02
5.212164959484480278e+02 3.592344880484217573e-02
5.212564959484479914e+02 3.179118583621242528e-02
5.212964959484479550e+02 2.953215764060842380e-02
5.213364959484480323e+02 2.915642736609975680e-02
5.213764959484479959e+02 3.022704972716686728e-02
5.214164959484479596e+02 3.190413699334503778e-02
5.214564959484480369e+02 3.312836576472882183e-02
5.214964959484480005e+02 3.313344858028465650e-02
5.215364959484479641e+02 3.129343254328639801e-02
5.215764959484480414e+02 2.830078365302764187e-02
5.216164959484480050e+02 2.567372475691385991e-02
5.216564959484479687e+02 2.417108360793678717e-02
5.216964959484480460e+02 2.387118858953969636e-02
5.217364959484480096e+02 2.454454634595118478e-02
5.217764959484479732e+02 2.570121815498707663e-02
5.218164959484480505e+02 2.666217438158597491e-02
5.218564959484480141e+02 2.696859933166267931e-02
5.218964959484479778e+02 2.730458856597788725e-02
5.219364959484480551e+02 2.883488431331383481e-02
5.219764959484480187e+02 3.179237053844766181e-02
5.220164959484479823e+02 3.507344303205524316e-02
5.220564959484479459e+02 3.694456762962367025e-02
5.220964959484480232e+02 3.666533825460654289e-02
5.221364959484479868e+02 3.546467838230502739e-02
5.221764959484479505e+02 3.548741338118137356e-02
5.222164959484480278e+02 3.695022938147626140e-02
5.222564959484479914e+02 3.888826230035123677e-02
5.222964959484479550e+02 4.064329905909813689e-02
5.223364959484480323e+02 4.259966396694298690e-02
5.223764959484479959e+02 4.582738757949351982e-02
5.224164959484479596e+02 5.134550753714760968e-02
5.224564959484480369e+02 5.945199988858832635e-02
5.224964959484480005e+02 6.881475227072848810e-02
5.225364959484479641e+02 7.627115635195827470e-02
5.225764959484480414e+02 7.859935563886476240e-02
5.226164959484480050e+02 7.572566999018312539e-02
5.226564959484479687e+02 7.116164230213610498e-02
5.226964959484480460e+02 6.718957147654543161e-02
5.227364959484480096e+02 6.409167235682490527e-02
5.227764959484479732e+02 6.235205634529220053e-02
5.228164959484480505e+02 6.236780633589979889e-02
5.228564959484480141e+02 6.370356155626871741e-02
5.228964959484479778e+02 6.512496476863127715e-02
5.229364959484480551e+02 6.511499863670300314e-02
5.229764959484480187e+02 6.344705655765930929e-02
5.230164959484479823e+02 6.097879057718091911e-02
5.230564959484479459e+02 5.820925239935186707e-02
5.230964959484480232e+02 5.567889408614998953e-02
5.231364959484479868e+02 5.394721371674257582e-02
5.231764959484479505e+02 5.286765033326655538e-02
5.232164959484480278e+02 5.191644317355761928e-02
5.232564959484479914e+02 5.112681904854943227e-02
5.232964959484479550e+02 5.095857796297239423e-02
5.233364959484480323e+02 5.167428948883846795e-02
5.233764959484479959e+02 5.246089823649120742e-02
5.234164959484479596e+02 5.194443866831349732e-02
5.234564959484480369e+02 5.061456360670145427e-02
5.234964959484480005e+02 5.060333719686975484e-02
5.235364959484479641e+02 5.313117016799313863e-02
5.235764959484480414e+02 5.763782722271281606e-02
5.236164959484480050e+02 6.262887154389763789e-02
5.236564959484479687e+02 6.653839485265522491e-02
5.236964959484480460e+02 6.832806609201447223e-02
5.237364959484480096e+02 6.943476174052976013e-02
5.237764959484479732e+02 7.260073733761693293e-02
5.238164959484480505e+02 7.862751240054412227e-02
5.238564959484480141e+02 8.582796619155950990e-02
5.238964959484479778e+02 9.172468168316039172e-02
5.239364959484480551e+02 9.468522338978770103e-02
5.239764959484480187e+02 9.421950654098248945e-02
5.240164959484479823e+02 9.180362513207387942e-02
5.240564959484479459e+02 9.043086689102730613e-02
5.240964959484480232e+02 9.096054566105515882e-02
5.241364959484479868e+02 9.106481560051032931e-02
5.241764959484479505e+02 8.794449187409840440e-02
5.242164959484480278e+02 8.160583369880836102e-02
5.242564959484479914e+02 7.488161436095040757e-02
5.242964959484479550e+02 6.986903148486423021e-02
5.243364959484480323e+02 6.653835509499533840e-02
5.243764959484479959e+02 6.416492307145271745e-02
5.244164959484479596e+02 6.149068302321273466e-02
5.244564959484480369e+02 5.679500024012799214e-02
5.244964959484480005e+02 5.043309019490789524e-02
5.245364959484479641e+02 4.473941978400010344e-02
5.245764959484480414e+02 4.115080014775879258e-02
5.246164959484480050e+02 3.928771977695724726e-02
5.246564959484479687e+02 3.782183071552226716e-02
5.246964959484480460e+02 3.546906886676461784e-02
5.247364959484480096e+02 3.178273836584590006e-02
5.247764959484479732e+02 2.753552101469797231e-02
5.248164959484480505e+02 2.387296974384459786e-02
5.248564959484480141e+02 2.124988570723886777e-02
5.248964959484479778e+02 1.949907234852087806e-02
5.249364959484480551e+02 1.826019159346332910e-02
5.249764959484480187e+02 1.708133740463819994e-02
5.250164959484479823e+02 1.565283223244479452e-02
5.250564959484479459e+02 1.407540270713344976e-02
5.250964959484480232e+02 1.265498580431550016e-02
5.251364959484479868e+02 1.148457998010550887e-02
5.251764959484479505e+02 1.044706181956968002e-02
5.252164959484480278e+02 9.493629396674257634e-03
5.252564959484479914e+02 8.726211495801824286e-03
5.252964959484479550e+02 8.231491480411870509e-03
5.253364959484480323e+02 7.984580082267085308e-03
5.253764959484479959e+02 7.868721590760737600e-03
5.254164959484479596e+02 7.784936096471446396e-03
5.254564959484480369e+02 7.735014877972233235e-03
5.254964959484480005e+02 7.782025104162183793e-03
5.255364959484479641e+02 7.978303549643493003e-03
5.255764959484480414e+02 8.265793287729170796e-03
5.256164959484480050e+02 8.473317785738641861e-03
5.256564959484479687e+02 8.344095096289012511e-03
5.256964959484480460e+02 7.714651274894014990e-03
5.257364959484480096e+02 6.779478902235205190e-03
5.257764959484479732e+02 5.855142446400779868e-03
5.258164959484480505e+02 5.086339554652240420e-03
5.258564959484480141e+02 4.496646971065847501e-03
5.258964959484479778e+02 4.080279901454521296e-03
5.259364959484480551e+02 3.815994286113674923e-03
5.259764959484480187e+02 3.676337057760838654e-03
5.260164959484479823e+02 3.646539658529018499e-03
5.260564959484479459e+02 3.729177366172326154e-03
5.260964959484480232e+02 3.901992781243558955e-03
5.261364959484479868e+02 4.060989171462553449e-03
5.261764959484479505e+02 4.055291550603651145e-03
5.262164959484480278e+02 3.827783454012788269e-03
5.262564959484479914e+02 3.449618002247141057e-03
5.262964959484479550e+02 3.041172397477896923e-03
5.263364959484480323e+02 2.690481871257366375e-03
5.263764959484479959e+02 2.423926023545555555e-03
5.264164959484479596e+02 2.231563308143506147e-03
5.264564959484480369e+02 2.096376847740159376e-03
5.264964959484480005e+02 2.005250197489033461e-03
5.265364959484479641e+02 1.950167028663104488e-03
5.265764959484480414e+02 1.926824984407461520e-03
5.266164959484480050e+02 1.934300769442976039e-03
5.266564959484479687e+02 1.976752594784633027e-03
5.266964959484480460e+02 2.061229678964872965e-03
5.267364959484480096e+02 2.187126484456810346e-03
5.267764959484479732e+02 2.339348556829572677e-03
5.268164959484480505e+02 2.508485820146312377e-03
5.268564959484480141e+02 2.715826473275373062e-03
5.268964959484479778e+02 2.992980923840428756e-03
5.269364959484480551e+02 3.357215749387308483e-03
5.269764959484480187e+02 3.785323241895754889e-03
5.270164959484500287e+02 4.140276820026485109e-03
5.270564959484499923e+02 4.161081832171923886e-03
5.270964959484499559e+02 3.754466192878158897e-03
5.271364959484500332e+02 3.161587141155731192e-03
5.271764959484499968e+02 2.630401678677409937e-03
5.272164959484499605e+02 2.239355406566357135e-03
5.272564959484500378e+02 1.975713715296275371e-03
5.272964959484500014e+02 1.810477580505585014e-03
5.273364959484499650e+02 1.722783343713219211e-03
5.273764959484500423e+02 1.703169398151193475e-03
5.274164959484500059e+02 1.750749468993562097e-03
5.274564959484499695e+02 1.863514543997229567e-03
5.274964959484500469e+02 2.012431095770740152e-03
5.275364959484500105e+02 2.113329817728998826e-03
5.275764959484499741e+02 2.085737075314764676e-03
5.276164959484500514e+02 1.967489771163160889e-03
5.276564959484500150e+02 1.856132903448085361e-03
5.276964959484499786e+02 1.801402690560044602e-03
5.277364959484500559e+02 1.799260897736957047e-03
5.277764959484500196e+02 1.807164218051205123e-03
5.278164959484499832e+02 1.760576893439830173e-03
5.278564959484499468e+02 1.645863035193733575e-03
5.278964959484500241e+02 1.519485188212842987e-03
5.279364959484499877e+02 1.430410968032029117e-03
5.279764959484499514e+02 1.391959749079500590e-03
5.280164959484500287e+02 1.404184801396386045e-03
5.280564959484499923e+02 1.470632100897494065e-03
5.280964959484499559e+02 1.600089798737101918e-03
5.281364959484500332e+02 1.794963234195724126e-03
5.281764959484499968e+02 2.024360639372899465e-03
5.282164959484499605e+02 2.214700647631026500e-03
5.282564959484500378e+02 2.332892891168391290e-03
5.282964959484500014e+02 2.462351315369415254e-03
5.283364959484499650e+02 2.692518719641750352e-03
5.283764959484500423e+02 3.001279407112291721e-03
5.284164959484500059e+02 3.222010375085873797e-03
5.284564959484499695e+02 3.173880092753137219e-03
5.284964959484500469e+02 2.904720869941850286e-03
5.285364959484500105e+02 2.586179595936355900e-03
5.285764959484499741e+02 2.273502924384834464e-03
5.286164959484500514e+02 1.946169405938293594e-03
5.286564959484500150e+02 1.635402454164806016e-03
5.286964959484499786e+02 1.384302541509356685e-03
5.287364959484500559e+02 1.200811167823576196e-03
5.287764959484500196e+02 1.072582022529261318e-03
5.288164959484499832e+02 9.851682122895397044e-04
5.288564959484499468e+02 9.274573461648203537e-04
5.288964959484500241e+02 8.928517002180862659e-04
5.289364959484499877e+02 8.802210692755792383e-04
5.289764959484499514e+02 8.930803387234331802e-04
5.290164959484500287e+02 9.379528412453304841e-04
5.290564959484499923e+02 1.023317347279294447e-03
5.290964959484499559e+02 1.153704377132580344e-03
5.291364959484500332e+02 1.308106276921836226e-03
5.291764959484499968e+02 1.410593045130884623e-03
5.292164959484499605e+02 1.375191141934847990e-03
5.292564959484500378e+02 1.221304924008867129e-03
5.292964959484500014e+02 1.042859472956225546e-03
5.293364959484499650e+02 8.993700754142050762e-04
5.293764959484500423e+02 8.017107736402237896e-04
5.294164959484500059e+02 7.426599676293430853e-04
5.294564959484499695e+02 7.102704974782637036e-04
5.294964959484500469e+02 6.865959934121497639e-04
5.295364959484500105e+02 6.519780216830225626e-04
5.295764959484499741e+02 6.028148922161581788e-04
5.296164959484500514e+02 5.516971123833834968e-04
5.296564959484500150e+02 5.083635650720709064e-04
5.296964959484499786e+02 4.743446147692089799e-04
5.297364959484500559e+02 4.478365912462657183e-04
5.297764959484500196e+02 4.267667534457620249e-04
5.298164959484499832e+02 4.095611413907023326e-04
5.298564959484499468e+02 3.951374627879112320e-04
5.298964959484500241e+02 3.827644503346060417e-04
5.299364959484499877e+02 3.719425981527708014e-04
5.299764959484499514e+02 3.623234850153985104e-04
5.300164959484500287e+02 3.536582440019970684e-04
5.300564959484499923e+02 3.457648977043530514e-04
5.300964959484499559e+02 3.385074201618754421e-04
5.301364959484500332e+02 3.317820651698238314e-04
5.301764959484499968e+02 3.255082499791088794e-04
5.302164959484499605e+02 3.196223459532621146e-04
5.302564959484500378e+02 3.140733615960570246e-04
5.302964959484500014e+02 3.088198826962407521e-04
5.303364959484499650e+02 3.038278642094297162e-04
5.303764959484500423e+02 2.990690101320535137e-04
5.304164959484500059e+02 2.945195664928089646e-04
5.304564959484499695e+02 2.901594093928006502e-04
5.304964959484500469e+02 2.859713470016025721e-04
5.305364959484500105e+02 2.819405789097307008e-04
5.305764959484499741e+02 2.780542727346128526e-04
5.306164959484500514e+02 2.743012291638838480e-04
5.306564959484500150e+02 2.706716144570065407e-04
5.306964959484499786e+02 2.671567449442338506e-04
5.307364959484500559e+02 2.637489119978888934e-04
5.307764959484500196e+02 2.604412387929695922e-04
5.308164959484499832e+02 2.572275622497517027e-04
5.308564959484499468e+02 2.541023350834908760e-04
5.308964959484500241e+02 2.510605440290282053e-04
5.309364959484499877e+02 2.480976411684424694e-04
5.309764959484499514e+02 2.452094859433163782e-04
5.310164959484500287e+02 2.423922959337682873e-04
5.310564959484499923e+02 2.396426048728401905e-04
5.310964959484499559e+02 2.369572266654813484e-04
5.311364959484500332e+02 2.343332244168999743e-04
5.311764959484499968e+02 2.317678836607956513e-04
5.312164959484499605e+02 2.292586891254573067e-04
5.312564959484500378e+02 2.268033044934403665e-04
5.312964959484500014e+02 2.243995547051161679e-04
5.313364959484499650e+02 2.220454104327560115e-04
5.313764959484500423e+02 2.197389744137983225e-04
5.314164959484500059e+02 2.174784693825459949e-04
5.314564959484499695e+02 2.152622273809807975e-04
5.314964959484500469e+02 2.130886802635308932e-04
5.315364959484500105e+02 2.109563512388593857e-04
5.315764959484499741e+02 2.088638473151858380e-04
5.316164959484500514e+02 2.068098525352064570e-04
5.316564959484500150e+02 2.047931219030296518e-04
5.316964959484499786e+02 2.028124759193028503e-04
5.317364959484500559e+02 2.008667956522763344e-04
5.317764959484500196e+02 1.989550182823647258e-04
5.318164959484499832e+02 1.970761330660671931e-04
5.318564959484499468e+02 1.952291776722090821e-04
5.318964959484500241e+02 1.934132348494839893e-04
5.319364959484499877e+02 1.916274293894821006e-04
5.319764959484499514e+02 1.898709253538116118e-04
5.320164959484500287e+02 1.881429235377636545e-04
5.320564959484499923e+02 1.864426591462707561e-04
5.320964959484499559e+02 1.847693996607664962e-04
5.321364959484500332e+02 1.831224428780460576e-04
5.321764959484499968e+02 1.815011151043726301e-04
5.322164959484499605e+02 1.799047694899733041e-04
5.322564959484500378e+02 1.783327844906952369e-04
5.322964959484500014e+02 1.767845624450500408e-04
5.323364959484499650e+02 1.752595282561228559e-04
5.323764959484500423e+02 1.737571281689449364e-04
5.324164959484500059e+02 1.722768286349011624e-04
5.324564959484499695e+02 1.708181152556087034e-04
5.324964959484500469e+02 1.693804917994720855e-04
5.325364959484500105e+02 1.679634792847871827e-04
5.325764959484499741e+02 1.665666151238782023e-04
5.326164959484500514e+02 1.651894523232801159e-04
5.326564959484500150e+02 1.638315587354528943e-04
5.326964959484499786e+02 1.624925163579464473e-04
5.327364959484500559e+02 1.611719206763031456e-04
5.327764959484500196e+02 1.598693800473345963e-04
5.328164959484499832e+02 1.585845151197063556e-04
5.328564959484499468e+02 1.573169582890418788e-04
5.328964959484500241e+02 1.560663531849974220e-04
5.329364959484499877e+02 1.548323541879857549e-04
5.329764959484499514e+02 1.536146259734219111e-04
5.330164959484500287e+02 1.524128430815445629e-04
5.330564959484499923e+02 1.512266895110300508e-04
5.330964959484499559e+02 1.500558583347628159e-04
5.331364959484500332e+02 1.489000513362568473e-04
5.331764959484499968e+02 1.477589786653473879e-04
5.332164959484499605e+02 1.466323585118777927e-04
5.332564959484500378e+02 1.455199167962097095e-04
5.332964959484500014e+02 1.444213868754716458e-04
5.333364959484499650e+02 1.433365092645512494e-04
5.333764959484500423e+02 1.422650313708968004e-04
5.334164959484500059e+02 1.412067072422874153e-04
5.334564959484499695e+02 1.401612973267613851e-04
5.334964959484500469e+02 1.391285682439870482e-04
5.335364959484500105e+02 1.381082925673775643e-04
5.335764959484499741e+02 1.371002486163289927e-04
5.336164959484500514e+02 1.361042202579854988e-04
5.336564959484500150e+02 1.351199967179865524e-04
5.336964959484499786e+02 1.341473723996867051e-04
5.337364959484500559e+02 1.331861467113704914e-04
5.337764959484500196e+02 1.322361239010225653e-04
5.338164959484499832e+02 1.312971128982333511e-04
5.338564959484499468e+02 1.303689271628591926e-04
5.338964959484500241e+02 1.294513845400725456e-04
5.339364959484499877e+02 1.285443071214635092e-04
5.339764959484499514e+02 1.276475211118779528e-04
5.340164959484500287e+02 1.267608567016907206e-04
5.340564959484499923e+02 1.258841479442441929e-04
5.340964959484499559e+02 1.250172326381792005e-04
5.341364959484500332e+02 1.241599522144231304e-04
5.341764959484499968e+02 1.233121516275992985e-04
5.342164959484499605e+02 1.224736792516418896e-04
5.342564959484500378e+02 1.216443867794121984e-04
5.342964959484500014e+02 1.208241291261252050e-04
5.343364959484499650e+02 1.200127643364040533e-04
5.343764959484500423e+02 1.192101534947928500e-04
5.344164959484500059e+02 1.184161606395658033e-04
5.344564959484499695e+02 1.176306526796822428e-04
5.344964959484500469e+02 1.168534993147417485e-04
5.345364959484500105e+02 1.160845729578068996e-04
5.345764959484499741e+02 1.153237486609618990e-04
5.346164959484500514e+02 1.145709040434894518e-04
5.346564959484500150e+02 1.138259192225474063e-04
5.346964959484499786e+02 1.130886767462394499e-04
5.347364959484500559e+02 1.123590615289754091e-04
5.347764959484500196e+02 1.116369607890234004e-04
5.348164959484499832e+02 1.109222639881612526e-04
5.348564959484499468e+02 1.102148627733401560e-04
5.348964959484500241e+02 1.095146509202753985e-04
5.349364959484499877e+02 1.088215242788864522e-04
5.349764959484499514e+02 1.081353807205104095e-04
5.350164959484500287e+02 1.074561200868160023e-04
5.350564959484499923e+02 1.067836441403520979e-04
5.350964959484499559e+02 1.061178565166644519e-04
5.351364959484500332e+02 1.054586626779185400e-04
5.351764959484499968e+02 1.048059698679704507e-04
5.352164959484499605e+02 1.041596870688296086e-04
5.352564959484500378e+02 1.035197249584595520e-04
5.352964959484500014e+02 1.028859958698656997e-04
5.353364959484499650e+02 1.022584137514213713e-04
5.353764959484500423e+02 1.016368941283862402e-04
5.354164959484500059e+02 1.010213540655714113e-04
5.354564959484499695e+02 1.004117121311107652e-04
5.354964959484500469e+02 9.980788836129548397e-05
5.355364959484500105e+02 9.920980422643516734e-05
5.355764959484499741e+02 9.861738259770761969e-05
5.356164959484500514e+02 9.803054771496174519e-05
5.356564959484500150e+02 9.744922515543853205e-05
5.356964959484499786e+02 9.687334180338101467e-05
5.357364959484500559e+02 9.630282582049728610e-05
5.357764959484500196e+02 9.573760661725086516e-05
5.358164959484499832e+02 9.517761482494692220e-05
5.358564959484499468e+02 9.462278226858880333e-05
5.358964959484500241e+02 9.407304194047742298e-05
5.359364959484499877e+02 9.352832797452828974e-05
5.359764959484499514e+02 9.298857562128265213e-05
5.360164959484500287e+02 9.245372122358838304e-05
5.360564959484499923e+02 9.192370219292948818e-05
5.360964959484499559e+02 9.139845698638090099e-05
5.361364959484500332e+02 9.087792508416963125e-05
5.361764959484499968e+02 9.036204696782207391e-05
5.362164959484499605e+02 8.985076409887660749e-05
5.362564959484500378e+02 8.934401889814550348e-05
5.362964959484500014e+02 8.884175472550667177e-05
5.363364959484499650e+02 8.834391586020835568e-05
5.363764959484500423e+02 8.785044748167182820e-05
5.364164959484500059e+02 8.736129565077323776e-05
5.364564959484499695e+02 8.687640729159227084e-05
5.364964959484500469e+02 8.639573017361149032e-05
5.365364959484500105e+02 8.591921289435160440e-05
5.365764959484499741e+02 8.544680486242992674e-05
5.366164959484500514e+02 8.497845628102790609e-05
5.366564959484500150e+02 8.451411813175559585e-05
5.366964959484499786e+02 8.405374215889995838e-05
5.367364959484500559e+02 8.359728085404532160e-05
5.367764959484500196e+02 8.314468744105415674e-05
5.368164959484499832e+02 8.269591586139680647e-05
5.368564959484499468e+02 8.225092075982032443e-05
5.368964959484500241e+02 8.180965747034322588e-05
5.369364959484499877e+02 8.137208200256927843e-05
5.369764959484499514e+02 8.093815102830710553e-05
5.370164959484500287e+02 8.050782186848893488e-05
5.370564959484499923e+02 8.008105248037548137e-05
5.370964959484499559e+02 7.965780144504180102e-05
5.371364959484500332e+02 7.923802795513166109e-05
5.371764959484499968e+02 7.882169180287379928e-05
5.372164959484499605e+02 7.840875336835104593e-05
5.372564959484500378e+02 7.799917360801331048e-05
5.372964959484500014e+02 7.759291404342724913e-05
5.373364959484499650e+02 7.718993675025414365e-05
5.373764959484500423e+02 7.679020434744790024e-05
5.374164959484500059e+02 7.639367998666643294e-05
5.374564959484499695e+02 7.600032734188773092e-05
5.374964959484500469e+02 7.561011059922325046e-05
5.375364959484500105e+02 7.522299444692319729e-05
5.375764959484499741e+02 7.483894406556325005e-05
5.376164959484500514e+02 7.445792511840822561e-05
5.376564959484500150e+02 7.407990374194389055e-05
5.376964959484499786e+02 7.370484653657098293e-05
5.377364959484500559e+02 7.333272055745339389e-05
5.377764959484500196e+02 7.296349330551376027e-05
5.378164959484499832e+02 7.259713271856927156e-05
5.378564959484499468e+02 7.223360716260161980e-05
5.378964959484500241e+02 7.187288542315079247e-05
5.379364959484499877e+02 7.151493669683021471e-05
5.379764959484499514e+02 7.115973058295104359e-05
5.380164959484500287e+02 7.080723707525093881e-05
5.380564959484499923e+02 7.045742655371927321e-05
5.380964959484499559e+02 7.011026977651006872e-05
5.381364959484500332e+02 6.976573787193521758e-05
5.381764959484499968e+02 6.942380233052972160e-05
5.382164959484499605e+02 6.908443499717992361e-05
5.382564959484500378e+02 6.874760806330638269e-05
5.382964959484500014e+02 6.841329405909133722e-05
5.383364959484499650e+02 6.808146584574221766e-05
5.383764959484500423e+02 6.775209660777936410e-05
5.384164959484500059e+02 6.742515984533935637e-05
5.384564959484499695e+02 6.710062936648033638e-05
5.384964959484500469e+02 6.677847927947975451e-05
5.385364959484500105e+02 6.645868398510998486e-05
5.385764959484499741e+02 6.614121816887900192e-05
5.386164959484500514e+02 6.582605679322260715e-05
5.386564959484500150e+02 6.551317508963032930e-05
5.386964959484499786e+02 6.520254855069194770e-05
5.387364959484500559e+02 6.489415292204344223e-05
5.387764959484500196e+02 6.458796419419517176e-05
5.388164959484499832e+02 6.428395859422046167e-05
5.388564959484499468e+02 6.398211257728297040e-05
5.388964959484500241e+02 6.368240281797704475e-05
5.389364959484499877e+02 6.338480620145479905e-05
5.389764959484499514e+02 6.308929981431170178e-05
5.390164959484500287e+02 6.279586093519646324e-05
5.390564959484499923e+02 6.250446702511246763e-05
5.390964959484499559e+02 6.221509571737026821e-05
5.391364959484500332e+02 6.192772480714998657e-05
5.391764959484499968e+02 6.164233224062615495e-05
5.392164959484499605e+02 6.135889610360294644e-05
5.392564959484500378e+02 6.107739460960352296e-05
5.392964959484500014e+02 6.079780608734773053e-05
5.393364959484499650e+02 6.052010896755071135e-05
5.393764959484500423e+02 6.024428176895945043e-05
5.394164959484500059e+02 5.997030308354277044e-05
5.394564959484499695e+02 5.969815156073504170e-05
5.394964959484500469e+02 5.942780589062266622e-05
5.395364959484500105e+02 5.915924478595128863e-05
5.395764959484499741e+02 5.889244696281394650e-05
5.396164959484500514e+02 5.862739111986301150e-05
5.396564959484500150e+02 5.836405591586975907e-05
5.396964959484499786e+02 5.810241994543208699e-05
5.397364959484500559e+02 5.784246171260209703e-05
5.397764959484500196e+02 5.758415960217712625e-05
5.398164959484499832e+02 5.732749184836095089e-05
5.398564959484499468e+02 5.707243650046021921e-05
5.398964959484500241e+02 5.681897138523271890e-05
5.399364959484499877e+02 5.656707406545169079e-05
5.399764959484499514e+02 5.631672179417817248e-05
5.400164959484500287e+02 5.606789146416357326e-05
5.400564959484499923e+02 5.582055955171188799e-05
5.400964959484499559e+02 5.557470205422337028e-05
5.401364959484500332e+02 5.533029442051851712e-05
5.401764959484499968e+02 5.508731147289438161e-05
5.402164959484499605e+02 5.484572731968231256e-05
5.402564959484500378e+02 5.460551525687499131e-05
5.402964959484500014e+02 5.436664765712933693e-05
5.403364959484499650e+02 5.412909584415701578e-05
5.403764959484500423e+02 5.389282995014267391e-05
5.404164959484500059e+02 5.365781875339277972e-05
5.404564959484499695e+02 5.342402949287684540e-05
5.404964959484500469e+02 5.319142765566710405e-05
5.405364959484500105e+02 5.295997673247970544e-05
5.405764959484499741e+02 5.272963793552270151e-05
5.406164959484500514e+02 5.250036987163275411e-05
5.406564959484500150e+02 5.227212816214611485e-05
5.406964959484499786e+02 5.204486499903873074e-05
5.407364959484500559e+02 5.181852862445566219e-05
5.407764959484500196e+02 5.159306271769547681e-05
5.408164959484499832e+02 5.136840566982736768e-05
5.408564959484499468e+02 5.114448972111937993e-05
5.408964959484500241e+02 5.092123993001111671e-05
5.409364959484499877e+02 5.069857293396469705e-05
5.409764959484499514e+02 5.047639545151256905e-05
5.410164959484500287e+02 5.025460246025405817e-05
5.410564959484499923e+02 5.003307496610142165e-05
5.410964959484499559e+02 4.981167725287787126e-05
5.411364959484500332e+02 4.959025346571317152e-05
5.411764959484499968e+02 4.936862333262663645e-05
5.412164959484499605e+02 4.914657676041921618e-05
5.412564959484500378e+02 4.892386694480457251e-05
5.412964959484500014e+02 4.870020149734220625e-05
5.413364959484499650e+02 4.847523089273467266e-05
5.413764959484500423e+02 4.824853324721172328e-05
5.414164959484500059e+02 4.801959400044913116e-05
5.414564959484499695e+02 4.778777840531024234e-05
5.414964959484500469e+02 4.755229369034565145e-05
5.415364959484500105e+02 4.731213610712799975e-05
5.415764959484499741e+02 4.706601538139095766e-05
5.416164959484500514e+02 4.681224457978784450e-05
5.416564959484500150e+02 4.654857563416598000e-05
5.416964959484499786e+02 4.627194692358674733e-05
5.417364959484500559e+02 4.597808374238017632e-05
5.417764959484500196e+02 4.566084330190485588e-05
5.418164959484499832e+02 4.531109708491661052e-05
5.418564959484499468e+02 4.491473532446006451e-05
5.418964959484500241e+02 4.444892013577179403e-05
5.419364959484499877e+02 4.387467174110098339e-05
5.419764959484499514e+02 4.312155831619714414e-05
5.420164959484500287e+02 4.205647036833590668e-05
5.420564959484499923e+02 4.043669081066221776e-05
5.420964959484499559e+02 3.798109954750503300e-05
